-50.0
-49.500584
-50.0
-49.600468
-50.0
-49.680374
-50.0
-49.744301
-48.0
-49.395439
-48.0
-49.116352
-48.0
-48.893082
-50.0
-49.114468
-50.0
-49.291576
-50.0
-49.433262
-50.0
-49.546612
-47.0
-49.037292
-48.0
-48.829834
-47.0
-48.463871
-50.0
-48.771099
-48.0
-48.616879
-47.0
-48.293507
-50.0
-48.634808
-48.0
-48.507847
-50.0
-48.806278
-49.0
-48.845024
-50.0
-49.076019
-50.0
-49.260815
-50.0
-49.408653
-50.0
-49.526924
-50.0
-49.62154
-47.0
-49.097233
-50.0
-49.277786
-78.0
-55.022228
-50.0
-54.017784
-50.0
-53.21423
-48.0
-52.171383
-47.0
-51.137108
-50.0
-50.909687
-50.0
-50.727749
-49.0
-50.382198
-50.0
-50.305759
-50.0
-50.24461
-50.0
-50.19569
-46.0
-49.356552
-47.0
-48.885242
-47.0
-48.508198
-50.0
-48.806561
-50.0
-49.04525
-48.0
-48.836201
-50.0
-49.068962
-50.0
-49.255169
-50.0
-49.404137
-48.0
-49.12331
-47.0
-48.69865
-55.0
-57.11512
-54.0
-56.492096
-57.0
-56.593678
-52.0
-55.674946
-54.0
-55.339958
-55.0
-55.271969
-54.0
-55.017574
-56.0
-55.214062
-52.0
-54.571251
-55.0
-54.657001
-54.0
-54.5256
-55.0
-54.62048
-57.0
-55.096386
-54.0
-54.87711
-57.0
-55.301689
-57.0
-55.641354
-57.0
-55.913086
-55.0
-55.730469
-52.0
-54.984379
-54.0
-54.787502
-57.0
-55.230003
-54.0
-54.984001
-57.0
-55.387203
-57.0
-55.709766
-51.0
-54.767815
-56.0
-55.014252
-76.0
-59.211403
-57.0
-58.769123
-57.0
-58.415302
-54.0
-57.532242
-54.0
-56.825794
-55.0
-56.460636
-57.0
-56.568512
-57.0
-56.654812
-51.0
-55.523849
-54.0
-55.219078
-56.0
-55.375263
-57.0
-55.700214
-51.0
-54.760174
-57.0
-55.208141
-57.0
-55.566517
-56.0
-55.653214
-56.0
-55.722572
-57.0
-55.978062
-56.0
-55.982452
-57.0
-56.185963
-57.0
-56.348774
-51.0
-55.279022
-56.0
-55.423218
-57.0
-55.738575
-54.0
-56.036922
-55.0
-55.82954
-53.0
-55.26363
-55.0
-55.210903
-54.0
-54.968723
-55.0
-54.974979
-60.0
-55.979984
-55.0
-55.783989
-60.0
-56.627193
-55.0
-56.301754
-60.0
-57.041405
-55.0
-56.633125
-55.0
-56.306499
-54.0
-55.8452
-54.0
-55.476158
-55.0
-55.380928
-55.0
-55.304745
-55.0
-55.243797
-55.0
-55.195038
-55.0
-55.156033
-54.0
-54.924828
-60.0
-55.939861
-55.0
-55.751888
-61.0
-56.801514
-52.0
-55.841213
-55.0
-55.67297
-52.0
-54.938377
-55.0
-54.950703
-60.0
-55.960564
-55.0
-55.768452
-60.0
-56.614761
-54.0
-56.091808
-60.0
-56.873447
-55.0
-56.49876
-55.0
-56.199009
-55.0
-55.959209
-55.0
-55.767368
-60.0
-56.613895
-59.0
-57.091118
-55.0
-56.672894
-54.0
-56.138313
-60.0
-56.910652
-81.0
-61.728523
-55.0
-60.38282
-52.0
-58.706257
-54.0
-57.765007
-55.0
-57.212006
-82.0
-62.169605
-54.0
-60.535683
-54.0
-59.228546
-61.0
-59.019459
-56.0
-58.415569
-56.0
-57.932457
-60.0
-58.345966
-60.0
-58.676773
-61.0
-59.141418
-60.0
-59.313137
-56.0
-58.650513
-56.0
-58.120411
-60.0
-58.49633
-56.0
-57.997066
-60.0
-58.397655
-60.0
-58.718124
-60.0
-58.974499
-60.0
-59.1796
-60.0
-59.343681
-60.0
-59.474945
-56.0
-58.779957
-60.0
-59.023968
-57.0
-58.619175
-60.0
-58.89534
-56.0
-58.316273
-79.0
-62.453018
-60.0
-61.962414
-60.0
-61.569931
-60.0
-61.255947
-56.0
-60.204758
-56.0
-59.363808
-56.0
-58.691048
-55.0
-57.952839
-61.0
-58.562271
-61.0
-59.04982
-56.0
-58.439857
-60.0
-58.751888
-60.0
-59.001511
-81.0
-63.401211
-60.0
-62.72097
-60.0
-62.176777
-56.0
-60.941422
-49.0
-58.553139
-61.0
-59.042511
-55.0
-58.234009
-60.0
-58.587208
-56.0
-58.069767
-56.0
-57.655815
-56.0
-57.324654
-60.0
-57.859722
-60.0
-58.287777
-60.0
-58.630222
-60.0
-58.904179
-58.0
-56.681122
-55.0
-56.344898
-58.0
-56.675919
-59.0
-57.140736
-58.0
-57.312588
-59.0
-57.65007
-59.0
-57.920055
-59.0
-58.136044
-80.0
-62.508835
-55.0
-61.007069
-60.0
-60.805656
-56.0
-59.844528
-59.0
-59.675621
-55.0
-58.740498
-58.0
-58.592396
-55.0
-57.873917
-55.0
-57.299133
-58.0
-57.439304
-58.0
-57.551441
-58.0
-57.641151
-59.0
-57.912922
-55.0
-57.330338
-56.0
-57.06427
-56.0
-56.851418
-55.0
-56.481136
-59.0
-56.984909
-55.0
-56.587929
-58.0
-56.870342
-58.0
-57.096272
-63.0
-58.277016
-56.0
-57.821613
-58.0
-57.857288
-55.0
-57.285831
-55.0
-56.828667
-58.0
-57.062931
-59.0
-57.450344
-58.0
-57.560276
-56.0
-57.248222
-63.0
-58.398579
-55.0
-57.718864
-58.0
-57.775089
-59.0
-58.020073
-58.0
-58.016056
-58.0
-58.012844
-56.0
-57.610275
-55.0
-57.088223
-55.0
-56.670578
-58.0
-56.936462
-58.0
-57.14917
-55.0
-56.719337
-62.0
-60.53603
-60.0
-60.428825
-62.0
-60.743061
-62.0
-60.99445
-61.0
-60.99556
-60.0
-60.796448
-59.0
-60.437157
-64.0
-61.149727
-62.0
-61.319782
-61.0
-61.255829
-61.0
-61.204666
-61.0
-61.163734
-60.0
-60.930988
-61.0
-60.944794
-61.0
-60.955837
-61.0
-60.964672
-62.0
-61.171741
-61.0
-61.137394
-60.0
-60.909916
-61.0
-60.927933
-60.0
-60.742348
-61.0
-60.79388
-61.0
-60.835106
-59.0
-60.468086
-61.0
-60.574471
-62.0
-60.859577
-60.0
-60.687664
-60.0
-60.550133
-59.0
-60.240105
-60.0
-60.192085
-64.0
-60.953667
-62.0
-61.162937
-60.0
-60.930351
-61.0
-60.944283
-61.0
-60.955429
-61.0
-60.964344
-61.0
-60.971478
-62.0
-61.177185
-61.0
-61.14175
-61.0
-61.113403
-60.0
-60.890724
-61.0
-60.912582
-60.0
-60.730068
-59.0
-60.384056
-61.0
-60.507248
-65.0
-61.4058
-61.0
-61.324642
-62.0
-61.459717
-61.0
-61.367775
-60.0
-61.094219
-66.0
-65.072357
-63.0
-64.65789
-71.0
-65.926315
-67.0
-66.141052
-69.0
-66.712845
-65.0
-66.370277
-66.0
-66.296219
-66.0
-66.236977
-63.0
-65.589584
-66.0
-65.671669
-66.0
-65.737335
-66.0
-65.789871
-66.0
-65.831894
-63.0
-65.265518
-65.0
-65.212418
-67.0
-65.569931
-66.0
-65.655945
-63.0
-65.124756
-63.0
-64.699806
-66.0
-64.959846
-66.0
-65.167877
-66.0
-65.334305
-63.0
-64.867447
-66.0
-65.093956
-66.0
-65.275162
-66.0
-65.420128
-66.0
-65.536102
-68.0
-66.028885
-63.0
-65.423111
-66.0
-65.53849
-63.0
-65.030792
-66.0
-65.224632
-63.0
-64.779709
-66.0
-65.023766
-66.0
-65.219009
-66.0
-65.375206
-63.0
-64.900169
-66.0
-65.120132
-66.0
-65.296104
-67.0
-65.636887
-66.0
-65.709511
-66.0
-65.767609
-65.0
-65.61409
-66.0
-65.691269
-63.0
-65.153015
-66.0
-65.322411
-63.0
-64.857933
-66.0
-65.086349
-66.0
-65.269081
-66.0
-65.415268
-70.0
-66.369957
-71.0
-67.295967
-64.0
-66.636772
-68.0
-66.909416
-70.0
-67.527534
-62.0
-66.422028
-62.0
-65.537621
-70.0
-66.430099
-70.0
-67.144081
-62.0
-66.115265
-70.0
-66.892212
-69.0
-67.313774
-62.0
-66.251022
-62.0
-65.400818
-69.0
-66.120659
-62.0
-65.296524
-70.0
-66.237221
-70.0
-66.989777
-70.0
-67.591827
-70.0
-68.073463
-62.0
-66.858772
-69.0
-67.287018
-62.0
-66.229614
-69.0
-66.783691
-62.0
-65.82695
-71.0
-66.861557
-68.0
-67.089249
-68.0
-67.2714
-62.0
-66.217117
-62.0
-65.373695
-62.0
-64.698959
-69.0
-65.559166
-70.0
-66.447334
-70.0
-67.157867
-70.0
-67.726295
-62.0
-66.581039
-69.0
-67.064835
-70.0
-67.651871
-69.0
-67.921501
-70.0
-68.337204
-62.0
-67.069763
-62.0
-66.055809
-69.0
-66.644646
-62.0
-65.715714
-62.0
-64.972572
-68.0
-65.578056
-69.0
-66.262444
-62.0
-65.409958
-62.0
-64.727966
-61.0
-63.982376
-59.0
-67.433495
-67.0
-67.346794
-74.0
-68.677437
-74.0
-69.741951
-74.0
-70.593559
-74.0
-71.274849
-66.0
-70.219879
-75.0
-71.175903
-75.0
-71.940727
-75.0
-72.552582
-66.0
-71.242065
-67.0
-70.393654
-58.0
-67.914925
-69.0
-68.131943
-67.0
-67.905556
-67.0
-67.724442
-71.0
-68.379555
-70.0
-68.703644
-71.0
-69.162918
-67.0
-68.730331
-66.0
-68.184265
-66.0
-67.747414
-66.0
-67.397934
-71.0
-68.118347
-66.0
-67.694679
-71.0
-68.355743
-71.0
-68.884598
-71.0
-69.307678
-66.0
-68.646141
-66.0
-68.116913
-72.0
-68.893532
-60.0
-67.11483
-66.0
-66.891861
-66.0
-66.713486
-66.0
-66.570786
-72.0
-67.656631
-71.0
-68.325302
-71.0
-68.860245
-66.0
-68.288193
-66.0
-67.830551
-71.0
-68.464439
-66.0
-67.97155
-71.0
-68.57724
-71.0
-69.06179
-71.0
-69.449432
-71.0
-69.759544
-71.0
-70.007637
-66.0
-69.206108
-67.0
-68.764885
-72.0
-69.411911
-61.0
-60.578743
-60.0
-60.462994
-60.0
-60.370396
-60.0
-60.296318
-60.0
-60.237057
-60.0
-60.189648
-60.0
-60.151718
-60.0
-60.121376
-60.0
-60.097103
-60.0
-60.077682
-60.0
-60.062145
-60.0
-60.049717
-60.0
-60.039776
-60.0
-60.031822
-59.0
-59.825459
-60.0
-59.860367
-60.0
-59.888294
-60.0
-59.910637
-60.0
-59.928509
-60.0
-59.942806
-60.0
-59.954247
-60.0
-59.963398
-60.0
-59.970718
-60.0
-59.976574
-60.0
-59.981258
-60.0
-59.985008
-60.0
-59.988007
-60.0
-59.990406
-60.0
-59.992325
-60.0
-59.993862
-60.0
-59.99509
-60.0
-59.996075
-60.0
-59.996861
-60.0
-59.99749
-60.0
-59.997993
-60.0
-59.998394
-60.0
-59.998714
-60.0
-59.998974
-62.0
-60.399181
-60.0
-60.319347
-60.0
-60.255478
-60.0
-60.204384
-60.0
-60.163509
-59.0
-59.930809
-59.0
-59.744648
-59.0
-59.595718
-58.0
-59.276573
-62.0
-59.821262
-60.0
-59.85701
-60.0
-59.885609
-60.0
-60.254875
-60.0
-60.203899
-59.0
-59.96312
-62.0
-60.370499
-61.0
-60.496399
-63.0
-60.99712
-60.0
-60.797695
-59.0
-60.438156
-61.0
-60.550526
-57.0
-59.840424
-62.0
-60.272343
-62.0
-60.617878
-62.0
-60.894306
-60.0
-60.715446
-60.0
-60.572357
-60.0
-60.457886
-60.0
-60.36631
-60.0
-60.293049
-61.0
-60.434441
-60.0
-60.347553
-62.0
-60.678043
-62.0
-60.942436
-62.0
-61.15395
-60.0
-60.923161
-57.0
-60.138531
-60.0
-60.110825
-60.0
-60.088661
-60.0
-60.07093
-60.0
-60.056744
-62.0
-60.445396
-60.0
-60.356319
-62.0
-60.685059
-62.0
-60.948048
-60.0
-60.758438
-60.0
-60.60675
-61.0
-60.685402
-62.0
-60.948322
-61.0
-60.95866
-60.0
-60.76693
-63.0
-61.213543
-60.0
-60.970837
-62.0
-61.17667
-61.0
-61.141338
-60.0
-60.913071
-62.0
-61.130459
-60.0
-60.904369
-60.0
-60.723495
-62.0
-60.978798
-60.0
-60.783039
-62.0
-61.026432
-57.0
-56.880863
-80.0
-61.504692
-57.0
-60.603756
-54.0
-59.283005
-59.0
-59.226402
-58.0
-58.981121
-53.0
-57.784897
-78.0
-61.827915
-60.0
-61.462334
-54.0
-59.969868
-58.0
-59.575893
-57.0
-59.060719
-58.0
-58.848576
-57.0
-58.478863
-57.0
-58.183094
-57.0
-57.946476
-78.0
-61.95718
-57.0
-60.965748
-56.0
-59.972599
-55.0
-58.978081
-55.0
-58.182465
-55.0
-57.545971
-53.0
-56.636776
-53.0
-55.90942
-55.0
-55.727535
-57.0
-55.982029
-56.0
-55.985626
-56.0
-55.988503
-55.0
-55.790802
-57.0
-56.032642
-56.0
-56.026115
-56.0
-56.020893
-56.0
-56.016716
-58.0
-56.413372
-52.0
-55.530701
-59.0
-56.22456
-60.0
-56.979649
-59.0
-57.38372
-60.0
-57.906979
-59.0
-58.125584
-58.0
-58.100468
-58.0
-58.080372
-58.0
-58.064297
-58.0
-58.051437
-57.0
-57.841152
-58.0
-57.872921
-57.0
-57.698338
-53.0
-56.758671
-55.0
-56.406937
-56.0
-56.32555
-79.0
-58.378769
-54.0
-57.503014
-53.0
-56.602409
-54.0
-56.081928
-53.0
-55.465542
-53.0
-54.972431
-80.0
-59.977947
-53.0
-58.582355
-53.0
-57.465885
-53.0
-56.572708
-53.0
-55.858166
-74.0
-59.486534
-52.0
-57.989231
-53.0
-56.991383
-53.0
-56.193104
-81.0
-61.154484
-53.0
-59.523586
-53.0
-58.218868
-53.0
-57.175095
-53.0
-56.340076
-53.0
-55.672062
-53.0
-55.13765
-53.0
-54.710117
-53.0
-54.368092
-52.0
-53.894474
-53.0
-53.71558
-53.0
-53.572464
-53.0
-53.45797
-53.0
-53.366375
-53.0
-53.293098
-54.0
-53.434479
-52.0
-53.147587
-54.0
-53.318069
-54.0
-53.454456
-53.0
-53.363564
-54.0
-53.490852
-81.0
-58.992683
-53.0
-57.794147
-54.0
-57.035316
-53.0
-56.228252
-53.0
-55.5826
-54.0
-55.266079
-54.0
-55.012863
-76.0
-59.210293
-52.0
-57.768238
-53.0
-56.81459
-53.0
-56.05167
-54.0
-55.641335
-53.0
-55.113068
-53.0
-54.690453
-55.0
-54.174568
-55.0
-54.339657
-55.0
-54.471725
-56.0
-54.777382
-56.0
-55.021908
-55.0
-55.017529
-54.0
-54.814022
-55.0
-54.851219
-79.0
-59.680977
-55.0
-58.744781
-55.0
-57.995827
-56.0
-57.596664
-52.0
-56.477333
-56.0
-56.381866
-56.0
-56.305496
-56.0
-56.2444
-54.0
-55.795521
-54.0
-55.436417
-55.0
-55.349133
-54.0
-55.079308
-53.0
-54.663445
-54.0
-54.530754
-54.0
-54.424603
-55.0
-54.539684
-52.0
-54.03175
-54.0
-54.025398
-52.0
-53.620319
-53.0
-53.496254
-52.0
-53.197006
-54.0
-53.357605
-54.0
-53.486084
-52.0
-53.188869
-53.0
-53.151096
-54.0
-53.320877
-55.0
-53.656704
-55.0
-53.925365
-55.0
-54.140293
-54.0
-54.112236
-54.0
-54.08979
-55.0
-54.271832
-55.0
-54.417465
-55.0
-54.533974
-56.0
-54.827179
-55.0
-54.861744
-55.0
-54.889397
-55.0
-54.911518
-55.0
-54.929214
-55.0
-54.943371
-55.0
-54.954697
-52.0
-54.363758
-55.0
-54.657909
-54.0
-54.526329
-54.0
-54.421062
-53.0
-54.136848
-53.0
-53.909477
-53.0
-53.727581
-54.0
-53.782066
-54.0
-53.825653
-54.0
-53.860523
-55.0
-54.088421
-55.0
-54.270737
-54.0
-54.216591
-55.0
-54.373272
-54.0
-54.298618
-55.0
-54.438896
-53.0
-54.151115
-53.0
-53.920891
-53.0
-53.736713
-54.0
-53.789371
-54.0
-53.831497
-55.0
-54.065197
-55.0
-54.252159
-53.0
-54.001728
-54.0
-54.001381
-54.0
-54.001106
-55.0
-54.200886
-54.0
-54.160709
-55.0
-54.328568
-55.0
-54.462856
-53.0
-54.170284
-54.0
-54.136227
-53.0
-53.908981
-55.0
-54.127186
-53.0
-53.901749
-55.0
-54.121399
-54.0
-54.097118
-55.0
-54.277695
-55.0
-54.422157
-54.0
-54.337727
-54.0
-54.27018
-53.0
-54.016144
-54.0
-54.012917
-55.0
-54.210335
-55.0
-54.368267
-53.0
-54.094612
-55.0
-54.275692
-55.0
-54.420555
-80.0
-59.536446
-55.0
-58.629158
-55.0
-57.903328
-56.0
-55.741867
-57.0
-55.993496
-58.0
-56.394794
-80.0
-61.115837
-57.0
-60.292671
-57.0
-59.63414
-54.0
-58.507313
-58.0
-58.405849
-55.0
-57.724682
-56.0
-57.379745
-56.0
-57.103798
-55.0
-56.683041
-54.0
-56.146431
-58.0
-56.517143
-58.0
-56.813713
-57.0
-56.850971
-57.0
-56.880779
-56.0
-56.704624
-54.0
-56.1637
-57.0
-56.330963
-56.0
-56.264771
-57.0
-56.411819
-54.0
-55.929455
-57.0
-56.143566
-57.0
-56.314854
-57.0
-56.451885
-57.0
-56.561512
-57.0
-56.649212
-54.0
-56.11937
-56.0
-56.095497
-54.0
-55.676399
-53.0
-55.141117
-57.0
-55.512897
-56.0
-55.610321
-56.0
-55.688259
-56.0
-55.75061
-55.0
-55.600491
-56.0
-55.680393
-56.0
-55.744316
-57.0
-55.995457
-56.0
-55.996368
-57.0
-56.197098
-54.0
-55.757679
-57.0
-56.006145
-56.0
-56.004917
-53.0
-55.403934
-55.0
-55.323147
-79.0
-60.058517
-57.0
-59.446815
-56.0
-58.757454
-54.0
-56.1063
-53.0
-55.485039
-54.0
-55.18803
-54.0
-54.950424
-54.0
-54.760338
-52.0
-54.208271
-78.0
-58.966618
-53.0
-57.773293
-54.0
-57.018635
-53.0
-56.214909
-52.0
-55.371929
-82.0
-60.697544
-53.0
-59.158035
-77.0
-62.726429
-81.0
-66.381142
-52.0
-63.504917
-53.0
-61.403934
-53.0
-59.723148
-54.0
-58.578518
-52.0
-57.262817
-52.0
-56.210255
-52.0
-55.368206
-53.0
-54.894566
-53.0
-54.515652
-53.0
-54.212521
-53.0
-53.970016
-52.0
-53.576015
-53.0
-53.460812
-53.0
-53.368649
-52.0
-53.094921
-52.0
-52.875938
-53.0
-52.900749
-53.0
-52.920597
-52.0
-52.736481
-53.0
-52.789185
-52.0
-52.631351
-53.0
-52.705082
-52.0
-52.564068
-52.0
-52.451256
-52.0
-52.361008
-53.0
-52.488804
-54.0
-52.791042
-53.0
-52.832832
-53.0
-52.866264
-53.0
-52.893009
-54.0
-53.114407
-53.0
-53.091526
-54.0
-53.27322
-53.0
-53.218575
-77.0
-57.974861
-54.0
-54.194714
-55.0
-54.35577
-55.0
-54.484615
-54.0
-54.387691
-54.0
-54.310154
-55.0
-54.448124
-56.0
-54.758499
-54.0
-54.6068
-54.0
-54.485439
-55.0
-54.588352
-55.0
-54.670681
-54.0
-54.536545
-54.0
-54.429237
-55.0
-54.543392
-55.0
-54.634716
-55.0
-54.707775
-54.0
-54.566219
-55.0
-54.652977
-54.0
-54.522381
-54.0
-54.417904
-51.0
-53.734325
-55.0
-53.987461
-54.0
-53.989967
-55.0
-54.191975
-55.0
-54.35358
-55.0
-54.482864
-55.0
-54.586292
-55.0
-54.669033
-55.0
-54.735226
-54.0
-54.588181
-55.0
-54.670544
-54.0
-54.536434
-55.0
-54.629147
-52.0
-54.103321
-54.0
-54.082657
-55.0
-54.266125
-54.0
-54.212898
-55.0
-54.370319
-55.0
-54.496258
-55.0
-54.597008
-55.0
-54.677608
-55.0
-54.742088
-55.0
-54.793671
-55.0
-54.834938
-55.0
-54.86795
-55.0
-54.89436
-55.0
-54.915489
-55.0
-54.932392
-54.0
-54.745914
-55.0
-54.796734
-57.0
-57.027538
-59.0
-57.422031
-56.0
-57.137627
-57.0
-57.110104
-57.0
-57.088085
-57.0
-57.070469
-57.0
-57.056377
-57.0
-57.045105
-58.0
-57.236084
-58.0
-57.388866
-78.0
-61.511093
-58.0
-60.808872
-58.0
-60.247097
-58.0
-59.797676
-57.0
-59.238144
-58.0
-58.990513
-57.0
-58.592411
-57.0
-58.27393
-57.0
-58.019146
-58.0
-58.015316
-58.0
-58.012253
-58.0
-58.0098
-57.0
-57.807842
-52.0
-56.646275
-55.0
-56.31702
-58.0
-56.653614
-57.0
-56.722893
-57.0
-56.778316
-57.0
-56.822655
-58.0
-57.058125
-52.0
-56.046501
-58.0
-56.437199
-58.0
-56.74976
-58.0
-56.999805
-58.0
-57.199844
-58.0
-57.359875
-58.0
-57.4879
-58.0
-57.590321
-78.0
-61.672256
-58.0
-60.937805
-58.0
-60.350243
-58.0
-59.880192
-58.0
-59.504154
-58.0
-59.203323
-57.0
-58.762661
-58.0
-58.610126
-57.0
-58.288105
-55.0
-57.630486
-58.0
-57.704388
-57.0
-57.563511
-56.0
-56.464321
-56.0
-56.37146
-57.0
-56.497169
-56.0
-56.397736
-55.0
-56.118191
-55.0
-55.894554
-55.0
-55.715645
-56.0
-55.772518
-56.0
-55.818016
-56.0
-55.854416
-56.0
-55.883533
-56.0
-55.90683
-56.0
-55.925465
-56.0
-55.940372
-56.0
-55.952301
-55.0
-55.761841
-56.0
-55.809475
-56.0
-55.84758
-56.0
-55.878067
-56.0
-55.902454
-56.0
-55.921967
-54.0
-55.537575
-56.0
-55.630062
-56.0
-55.704052
-56.0
-55.763245
-56.0
-55.810596
-56.0
-55.84848
-55.0
-55.678783
-56.0
-55.743027
-56.0
-55.794422
-56.0
-55.835541
-54.0
-55.468433
-56.0
-55.574749
-56.0
-55.659801
-56.0
-55.727844
-56.0
-55.782276
-54.0
-55.425819
-56.0
-55.540657
-56.0
-55.632526
-56.0
-55.706024
-56.0
-55.76482
-56.0
-55.811859
-56.0
-55.849487
-56.0
-55.879593
-56.0
-55.903675
-56.0
-55.922943
-56.0
-55.938354
-57.0
-56.150684
-56.0
-56.120548
-56.0
-56.096439
-55.0
-56.064266
-55.0
-55.851414
-53.0
-55.281132
-54.0
-55.024906
-53.0
-54.619923
-55.0
-54.695938
-53.0
-54.35675
-55.0
-54.485401
-55.0
-54.588322
-55.0
-54.670658
-55.0
-54.736526
-55.0
-54.789223
-55.0
-54.831379
-55.0
-54.865105
-55.0
-54.892086
-55.0
-54.91367
-55.0
-54.930935
-55.0
-54.944748
-53.0
-54.555798
-55.0
-54.644638
-55.0
-54.71571
-55.0
-54.772568
-55.0
-54.818054
-81.0
-60.054443
-55.0
-59.043556
-53.0
-57.834843
-55.0
-57.267876
-55.0
-56.814301
-55.0
-56.451443
-55.0
-56.161156
-55.0
-55.928925
-55.0
-55.743141
-78.0
-60.194511
-53.0
-58.755608
-55.0
-58.004486
-54.0
-57.20359
-55.0
-56.762875
-55.0
-56.410301
-55.0
-56.128242
-53.0
-55.502594
-55.0
-55.402077
-53.0
-54.921661
-55.0
-54.937328
-53.0
-54.549862
-55.0
-54.639889
-55.0
-54.71191
-53.0
-54.369526
-54.0
-54.29562
-55.0
-54.436497
-55.0
-54.549198
-65.0
-64.433159
-80.0
-67.546532
-65.0
-67.037231
-68.0
-67.22979
-68.0
-67.383835
-68.0
-67.507072
-63.0
-66.605659
-63.0
-65.884529
-66.0
-65.907623
-66.0
-65.926102
-65.0
-65.740883
-66.0
-65.792709
-62.0
-65.034164
-66.0
-65.227333
-62.0
-64.581863
-62.0
-64.065491
-62.0
-63.652393
-65.0
-63.921917
-66.0
-64.337532
-62.0
-63.870029
-62.0
-63.496025
-62.0
-63.196823
-62.0
-62.957462
-62.0
-62.765972
-62.0
-62.612782
-62.0
-62.490227
-62.0
-62.392185
-66.0
-63.11375
-81.0
-66.691002
-66.0
-66.552803
-62.0
-65.642242
-62.0
-64.913795
-62.0
-64.331039
-65.0
-64.464836
-65.0
-64.571869
-66.0
-64.857498
-62.0
-64.285995
-62.0
-63.8288
-62.0
-63.463043
-62.0
-63.170437
-67.0
-63.936352
-66.0
-64.349083
-62.0
-63.879269
-62.0
-63.503418
-62.0
-63.202736
-62.0
-62.962193
-60.0
-62.369755
-62.0
-62.295807
-66.0
-63.036648
-66.0
-63.629318
-67.0
-68.690041
-73.0
-69.552032
-68.0
-69.241631
-74.0
-70.193306
-68.0
-69.754646
-72.0
-70.20372
-68.0
-69.762978
-70.0
-69.810387
-72.0
-70.248306
-69.0
-69.99865
-70.0
-69.998924
-68.0
-69.599144
-70.0
-69.679321
-70.0
-69.743462
-70.0
-69.794769
-70.0
-69.835815
-70.0
-69.868652
-70.0
-69.894928
-70.0
-69.915947
-70.0
-69.932762
-70.0
-69.946213
-69.0
-69.756973
-70.0
-69.80558
-70.0
-69.844467
-70.0
-69.87558
-70.0
-69.900467
-70.0
-69.92038
-70.0
-69.93631
-70.0
-69.949051
-70.0
-69.959244
-70.0
-69.9674
-68.0
-69.573921
-70.0
-69.659142
-69.0
-69.527313
-70.0
-69.621857
-69.0
-69.49749
-69.0
-69.397995
-70.0
-69.518402
-70.0
-69.614723
-70.0
-69.69178
-70.0
-69.753426
-70.0
-69.802742
-70.0
-69.842194
-70.0
-69.873756
-70.0
-69.89901
-70.0
-69.919212
-69.0
-69.735374
-70.0
-69.7883
-70.0
-69.830643
-69.0
-69.664513
-65.0
-68.984436
-71.0
-69.38755
-68.0
-69.110039
-66.0
-68.488029
-88.0
-72.390427
-71.0
-72.112343
-69.0
-71.489876
-67.0
-70.591904
-66.0
-69.673523
-67.0
-69.138817
-67.0
-68.711052
-73.0
-69.56884
-74.0
-70.45507
-69.0
-70.164055
-72.0
-70.531242
-76.0
-71.624992
-68.0
-70.899994
-73.0
-71.32
-81.0
-73.255997
-65.0
-71.604797
-66.0
-70.483841
-73.0
-70.987076
-68.0
-70.389664
-74.0
-71.111732
-66.0
-70.089386
-71.0
-70.271507
-71.0
-70.417206
-66.0
-69.533768
-66.0
-68.827011
-65.0
-68.061615
-72.0
-68.849289
-65.0
-68.079437
-64.0
-67.26355
-65.0
-66.810844
-69.0
-67.24868
-69.0
-67.598946
-64.0
-66.879158
-70.0
-67.503326
-70.0
-68.002663
-65.0
-67.40213
-70.0
-67.921707
-65.0
-67.337372
-81.0
-70.069901
-64.0
-68.855919
-65.0
-68.08474
-64.0
-67.267792
-65.0
-66.81424
-64.0
-66.251396
-65.0
-66.001122
-69.0
-66.600899
-70.0
-71.066574
-70.0
-70.853264
-73.0
-71.282616
-76.0
-72.226089
-72.0
-72.18087
-61.0
-69.944695
-73.0
-70.555756
-70.0
-70.444611
-73.0
-70.955688
-71.0
-70.964554
-74.0
-71.571648
-73.0
-71.857323
-75.0
-72.485863
-79.0
-73.788689
-72.0
-73.430954
-73.0
-73.344765
-71.0
-72.875809
-75.0
-73.300652
-75.0
-73.640526
-75.0
-73.912422
-75.0
-74.129944
-74.0
-74.103958
-81.0
-75.48317
-72.0
-74.786537
-74.0
-74.629234
-60.0
-71.703392
-75.0
-72.362717
-76.0
-73.090172
-60.0
-70.472137
-71.0
-70.577713
-75.0
-71.462173
-74.0
-71.969742
-75.0
-72.575798
-77.0
-73.46064
-79.0
-74.568512
-71.0
-73.854813
-75.0
-74.083855
-77.0
-74.667084
-71.0
-73.93367
-60.0
-71.146942
-75.0
-71.917557
-72.0
-71.934044
-74.0
-72.347237
-72.0
-72.277786
-72.0
-72.222229
-74.0
-72.577782
-75.0
-73.062225
-72.0
-72.849777
-71.0
-72.47982
-76.0
-73.183853
-79.0
-72.167824
-68.0
-71.334259
-78.0
-72.667412
-74.0
-72.933929
-74.0
-73.147148
-73.0
-73.117722
-70.0
-72.494179
-74.0
-72.795341
-75.0
-73.236275
-78.0
-74.189018
-68.0
-72.951218
-68.0
-71.960976
-69.0
-71.368782
-70.0
-71.095032
-81.0
-73.076027
-76.0
-73.66082
-68.0
-72.528656
-69.0
-71.822929
-78.0
-73.058342
-68.0
-72.046677
-71.0
-71.837341
-81.0
-73.669876
-70.0
-72.935905
-81.0
-74.548721
-79.0
-75.43898
-77.0
-75.751183
-78.0
-76.200951
-80.0
-76.960762
-67.0
-74.968613
-76.0
-75.174889
-67.0
-73.539909
-68.0
-72.431931
-78.0
-73.545547
-77.0
-74.236435
-76.0
-74.589149
-69.0
-73.471321
-76.0
-73.977058
-77.0
-74.58165
-67.0
-73.065323
-71.0
-72.65226
-70.0
-72.121811
-79.0
-73.497452
-77.0
-74.19796
-69.0
-73.158371
-72.0
-72.926697
-69.0
-72.141357
-69.0
-71.513084
-71.0
-71.410469
-82.0
-73.528374
-79.0
-74.622704
-81.0
-78.697495
-85.0
-79.958
-69.0
-77.766403
-87.0
-79.613121
-90.0
-81.690498
-67.0
-78.752403
-87.0
-80.401924
-84.0
-81.121544
-88.0
-82.497238
-67.0
-79.397797
-68.0
-77.11824
-68.0
-75.294594
-89.0
-78.035675
-67.0
-75.828537
-68.0
-74.262833
-91.0
-77.610268
-67.0
-75.488213
-68.0
-73.99057
-68.0
-72.792458
-67.0
-71.633965
-68.0
-70.907173
-67.0
-70.12574
-68.0
-69.700592
-68.0
-69.360474
-68.0
-69.088379
-88.0
-72.870705
-68.0
-71.896568
-67.0
-70.917252
-92.0
-75.133804
-85.0
-77.107048
-87.0
-79.08564
-91.0
-81.468513
-78.0
-80.774811
-89.0
-82.419853
-90.0
-83.935883
-68.0
-80.748703
-67.0
-77.998962
-68.0
-75.999168
-68.0
-74.399338
-68.0
-73.119469
-68.0
-72.095573
-85.0
-74.67646
-84.0
-76.541168
-86.0
-78.432938
-68.0
-76.346352
-68.0
-74.677086
-85.0
-76.741669
-85.0
-78.393341
-68.0
-76.314674
-68.0
-74.651741
-69.0
-70.977989
-70.0
-70.782394
-67.0
-70.025917
-67.0
-69.420731
-68.0
-69.136589
-67.0
-68.709274
-67.0
-68.367416
-68.0
-68.293938
-67.0
-68.035149
-67.0
-67.828117
-69.0
-68.062492
-69.0
-68.249992
-67.0
-67.999992
-69.0
-68.199997
-67.0
-67.959999
-67.0
-67.767998
-67.0
-67.614395
-68.0
-67.691521
-77.0
-69.553215
-68.0
-69.242577
-68.0
-68.994064
-67.0
-68.595253
-66.0
-68.076202
-67.0
-67.860962
-67.0
-67.688766
-67.0
-67.55101
-67.0
-67.440811
-67.0
-67.352646
-68.0
-67.482117
-68.0
-67.585693
-67.0
-67.468552
-69.0
-67.774841
-67.0
-67.619873
-67.0
-67.495895
-68.0
-67.596718
-67.0
-67.477371
-67.0
-67.381897
-68.0
-67.505516
-68.0
-67.604416
-66.0
-67.283531
-67.0
-67.226822
-66.0
-66.981461
-67.0
-66.985168
-66.0
-66.788132
-68.0
-67.03051
-67.0
-67.024406
-67.0
-67.019524
-67.0
-67.015617
-68.0
-67.212494
-67.0
-67.169998
-69.0
-73.74884
-73.0
-73.599075
-78.0
-74.479263
-69.0
-73.383415
-72.0
-73.106735
-71.0
-72.685387
-70.0
-72.148315
-71.0
-71.918655
-70.0
-71.534927
-71.0
-71.42794
-71.0
-71.342354
-72.0
-71.473885
-71.0
-71.379105
-72.0
-71.503281
-71.0
-71.402626
-71.0
-71.322098
-71.0
-71.257675
-71.0
-71.206139
-71.0
-71.164909
-71.0
-71.131927
-69.0
-70.705544
-71.0
-70.764435
-71.0
-70.811546
-71.0
-70.849236
-71.0
-70.879387
-72.0
-71.103508
-71.0
-71.082809
-71.0
-71.066246
-72.0
-71.252998
-70.0
-71.002403
-71.0
-71.001923
-72.0
-71.201538
-72.0
-71.361229
-73.0
-71.688988
-72.0
-71.75119
-71.0
-71.600952
-69.0
-71.080765
-71.0
-71.064613
-71.0
-71.051689
-71.0
-71.041351
-78.0
-72.433083
-71.0
-72.146469
-71.0
-71.917175
-69.0
-71.33374
-69.0
-70.866997
-71.0
-70.8936
-71.0
-70.914879
-71.0
-70.9319
-71.0
-70.945518
-71.0
-70.956413
-85.0
-76.311569
-74.0
-75.849258
-71.0
-74.87941
-73.0
-74.503532
-78.0
-75.202827
-75.0
-75.162262
-72.0
-74.529808
-75.0
-74.623848
-79.0
-75.499077
-79.0
-76.199265
-79.0
-76.759415
-79.0
-77.207535
-73.0
-76.366028
-73.0
-75.692825
-71.0
-74.754257
-79.0
-75.603409
-79.0
-76.28273
-74.0
-75.826187
-73.0
-75.260948
-73.0
-74.808762
-71.0
-74.047012
-70.0
-73.23761
-83.0
-75.190086
-79.0
-75.952072
-78.0
-76.361656
-72.0
-75.489326
-77.0
-75.791458
-81.0
-76.833168
-73.0
-76.066536
-80.0
-76.853233
-73.0
-76.082588
-77.0
-76.266068
-72.0
-75.412857
-72.0
-74.730286
-73.0
-74.384232
-71.0
-73.707382
-73.0
-73.56591
-70.0
-72.85273
-79.0
-74.082184
-79.0
-75.06575
-79.0
-75.8526
-73.0
-75.282082
-71.0
-74.425667
-79.0
-75.340538
-73.0
-74.872429
-70.0
-73.897949
-72.0
-73.518356
-84.0
-75.614685
-80.0
-76.491753
-74.0
-75.993401
-65.0
-65.241394
-65.0
-65.193115
-65.0
-65.154495
-65.0
-65.123596
-72.0
-66.498878
-64.0
-65.999107
-65.0
-65.799286
-74.0
-67.43943
-64.0
-66.751549
-64.0
-66.201241
-64.0
-65.760994
-65.0
-65.608795
-64.0
-65.287041
-65.0
-65.229637
-64.0
-64.983711
-64.0
-64.786972
-64.0
-64.629578
-64.0
-64.503662
-64.0
-64.402931
-64.0
-64.32235
-64.0
-64.257881
-65.0
-64.406311
-64.0
-64.32505
-64.0
-64.26004
-64.0
-64.208031
-65.0
-64.366425
-64.0
-64.293144
-64.0
-64.23452
-64.0
-64.187614
-65.0
-64.350098
-64.0
-64.280083
-65.0
-64.424072
-64.0
-64.339256
-64.0
-64.271408
-64.0
-64.217125
-72.0
-65.773697
-64.0
-65.418961
-64.0
-65.13517
-65.0
-65.108139
-66.0
-65.286514
-63.0
-64.829216
-64.0
-64.663376
-64.0
-64.530701
-65.0
-64.624565
-64.0
-64.499657
-64.0
-64.399727
-65.0
-64.519783
-64.0
-64.415825
-65.0
-64.532661
-63.0
-64.226128
-71.0
-73.043716
-62.0
-70.834976
-72.0
-71.067978
-64.0
-69.654381
-76.0
-70.923508
-71.0
-70.938805
-77.0
-72.151047
-63.0
-70.320839
-64.0
-69.056671
-71.0
-69.445335
-64.0
-68.35627
-64.0
-67.485016
-78.0
-69.588013
-72.0
-70.070412
-77.0
-71.456329
-78.0
-72.765068
-78.0
-73.812057
-72.0
-73.449646
-77.0
-74.159714
-80.0
-75.327774
-63.0
-72.862221
-72.0
-72.689774
-78.0
-73.751823
-77.0
-74.401459
-78.0
-75.12117
-78.0
-75.696938
-63.0
-73.157555
-63.0
-71.126045
-71.0
-71.100838
-74.0
-71.680672
-79.0
-73.144539
-77.0
-73.915634
-77.0
-74.532509
-77.0
-75.026009
-71.0
-74.22081
-71.0
-73.576645
-72.0
-73.261314
-76.0
-73.809052
-78.0
-74.64724
-77.0
-75.11779
-76.0
-75.294235
-77.0
-75.635391
-76.0
-75.708313
-76.0
-75.766647
-63.0
-73.213318
-78.0
-74.170654
-64.0
-72.136528
-64.0
-70.509224
-71.0
-70.607376
-64.0
-69.285904
-72.0
-71.134323
-72.0
-71.307457
-73.0
-71.645966
-72.0
-71.716774
-71.0
-71.573418
-71.0
-71.458733
-72.0
-71.566986
-71.0
-71.45359
-71.0
-71.362869
-71.0
-71.290298
-72.0
-71.432236
-71.0
-71.345787
-71.0
-71.276627
-71.0
-71.221298
-71.0
-71.17704
-73.0
-71.541634
-71.0
-71.433304
-72.0
-71.546646
-82.0
-73.637314
-70.0
-72.909851
-69.0
-72.127884
-68.0
-71.302307
-72.0
-71.441849
-66.0
-70.353477
-71.0
-70.48278
-72.0
-70.786224
-72.0
-71.028976
-71.0
-71.023178
-79.0
-72.618546
-77.0
-73.494835
-69.0
-72.595871
-69.0
-71.876701
-81.0
-73.701363
-68.0
-72.561089
-69.0
-71.848869
-69.0
-71.279099
-69.0
-70.82328
-69.0
-70.458626
-69.0
-70.166901
-69.0
-69.933525
-70.0
-69.946823
-69.0
-69.757462
-69.0
-69.605972
-70.0
-69.684784
-70.0
-69.747833
-70.0
-69.798271
-70.0
-69.838623
-70.0
-69.870903
-71.0
-70.096725
-79.0
-71.87738
-66.0
-66.652275
-65.0
-66.321823
-73.0
-67.657463
-76.0
-69.325974
-71.0
-69.660782
-66.0
-68.928627
-71.0
-69.342903
-71.0
-69.674324
-72.0
-70.139458
-73.0
-70.711571
-72.0
-70.969254
-72.0
-71.1754
-72.0
-71.340317
-72.0
-71.472252
-73.0
-71.777802
-65.0
-70.422241
-62.0
-68.737793
-65.0
-67.990234
-72.0
-68.792191
-81.0
-71.233749
-73.0
-71.586998
-65.0
-70.2696
-65.0
-69.215683
-62.0
-67.772545
-72.0
-68.618034
-72.0
-69.294426
-77.0
-70.835541
-65.0
-69.668434
-66.0
-68.934746
-81.0
-71.347794
-62.0
-69.478233
-65.0
-68.582588
-65.0
-67.866074
-73.0
-68.89286
-66.0
-68.314285
-65.0
-67.651428
-72.0
-68.521141
-65.0
-67.816917
-72.0
-68.653534
-65.0
-67.922829
-65.0
-67.338264
-72.0
-68.270615
-66.0
-67.81649
-65.0
-67.253197
-65.0
-66.802559
-65.0
-66.442047
-65.0
-66.153641
-65.0
-65.922913
-62.0
-65.138329
-65.0
-65.110664
-66.0
-74.252403
-67.0
-72.801926
-84.0
-75.041542
-87.0
-77.433235
-84.0
-78.74659
-68.0
-76.597275
-81.0
-77.477821
-87.0
-79.382256
-88.0
-81.105804
-90.0
-82.884644
-88.0
-83.907715
-80.0
-83.126175
-81.0
-82.700935
-80.0
-82.160751
-88.0
-83.328598
-90.0
-84.66288
-88.0
-85.330307
-68.0
-81.864243
-81.0
-81.691391
-85.0
-82.353111
-68.0
-79.482491
-87.0
-80.985992
-80.0
-80.788795
-87.0
-82.031036
-82.0
-82.024834
-80.0
-81.619865
-81.0
-81.495888
-87.0
-82.59671
-81.0
-82.277367
-79.0
-81.621895
-69.0
-79.097519
-69.0
-77.078018
-80.0
-77.662415
-79.0
-77.929932
-83.0
-78.943947
-88.0
-80.755157
-79.0
-80.404129
-69.0
-78.123306
-81.0
-78.698647
-69.0
-76.758919
-87.0
-78.807137
-84.0
-79.845711
-67.0
-77.276566
-69.0
-75.621254
-81.0
-76.697006
-70.0
-75.357605
-79.0
-76.086082
-68.0
-74.468864
-68.0
-73.175095
-69.0
-72.34008
-68.0
-70.208801
-67.0
-69.567039
-70.0
-69.653633
-71.0
-69.922905
-67.0
-69.338326
-67.0
-68.870659
-71.0
-69.296524
-71.0
-69.637222
-67.0
-69.109779
-68.0
-68.887825
-67.0
-68.510262
-67.0
-68.208206
-67.0
-67.966568
-67.0
-67.773254
-67.0
-67.618607
-71.0
-68.294884
-71.0
-68.835907
-67.0
-68.468727
-72.0
-69.17498
-67.0
-68.739983
-72.0
-69.391983
-72.0
-69.913589
-72.0
-70.330872
-62.0
-68.664696
-67.0
-68.331757
-72.0
-69.065407
-72.0
-69.652328
-67.0
-69.121864
-71.0
-69.49749
-72.0
-69.997993
-67.0
-69.398392
-68.0
-69.118713
-67.0
-68.694969
-67.0
-68.355972
-72.0
-69.084778
-67.0
-68.667824
-67.0
-68.334259
-67.0
-68.067406
-70.0
-68.453926
-66.0
-67.963142
-70.0
-68.370514
-62.0
-67.096413
-67.0
-67.077133
-71.0
-67.86171
-70.0
-68.289368
-71.0
-68.831497
-70.0
-69.065201
-70.0
-69.252167
-70.0
-69.401733
-71.0
-69.72139
-71.0
-68.670113
-71.0
-69.136093
-73.0
-69.908875
-71.0
-70.127098
-67.0
-69.501678
-70.0
-69.601349
-71.0
-69.881081
-70.0
-69.904869
-70.0
-69.923897
-68.0
-69.539116
-68.0
-69.231293
-68.0
-68.985039
-71.0
-69.388031
-68.0
-69.110428
-71.0
-69.488342
-71.0
-69.790672
-63.0
-68.432541
-70.0
-68.746033
-67.0
-68.396828
-68.0
-68.317467
-67.0
-68.05397
-68.0
-68.043175
-70.0
-68.43454
-68.0
-68.347633
-70.0
-68.678108
-68.0
-68.542488
-70.0
-68.833992
-70.0
-69.0672
-70.0
-69.253761
-70.0
-69.403015
-70.0
-69.522415
-70.0
-69.617935
-71.0
-69.894348
-70.0
-69.915482
-70.0
-69.932388
-71.0
-70.145912
-72.0
-70.516731
-69.0
-70.213387
-71.0
-70.370712
-67.0
-69.696571
-67.0
-69.157257
-67.0
-68.725807
-67.0
-68.380646
-70.0
-68.704521
-70.0
-68.963623
-70.0
-69.170898
-62.0
-67.736717
-70.0
-68.189377
-62.0
-66.9515
-70.0
-67.561203
-78.0
-73.98967
-73.0
-73.79174
-68.0
-72.633392
-78.0
-73.706718
-74.0
-73.765373
-74.0
-73.812302
-75.0
-74.049843
-76.0
-74.439873
-74.0
-74.351898
-75.0
-74.481522
-74.0
-74.385216
-74.0
-74.308174
-74.0
-74.246544
-74.0
-74.197235
-74.0
-74.157791
-75.0
-74.326233
-74.0
-74.260986
-70.0
-73.408791
-74.0
-73.527031
-74.0
-73.621628
-75.0
-73.897308
-73.0
-73.71785
-75.0
-73.974281
-74.0
-73.979424
-73.0
-73.783539
-74.0
-73.826836
-76.0
-74.261467
-76.0
-74.609177
-76.0
-74.887344
-70.0
-73.909882
-81.0
-75.327904
-74.0
-75.062325
-74.0
-74.849861
-75.0
-74.87989
-75.0
-74.903915
-75.0
-74.923134
-74.0
-74.73851
-74.0
-74.590813
-75.0
-74.672653
-74.0
-74.538124
-76.0
-74.830498
-75.0
-74.864403
-75.0
-74.891525
-76.0
-75.11322
-70.0
-74.090576
-75.0
-74.272461
-74.0
-74.217972
-74.0
-74.174377
-70.0
-73.339508
-73.0
-73.271606
-70.0
-72.154579
-69.0
-71.523666
-65.0
-70.218933
-71.0
-70.375145
-70.0
-70.300117
-70.0
-70.240097
-70.0
-70.192078
-69.0
-69.953667
-69.0
-69.762932
-70.0
-69.810349
-69.0
-69.648277
-68.0
-69.318626
-71.0
-69.6549
-70.0
-69.723923
-69.0
-69.57914
-72.0
-70.063309
-69.0
-69.850647
-69.0
-69.680519
-72.0
-70.144417
-72.0
-70.515533
-70.0
-70.41243
-72.0
-70.729942
-70.0
-70.583954
-70.0
-70.467163
-65.0
-69.373734
-72.0
-69.898987
-70.0
-69.919189
-70.0
-69.935356
-72.0
-70.348282
-72.0
-70.678627
-70.0
-70.542908
-73.0
-71.034325
-70.0
-70.827461
-70.0
-70.661972
-79.0
-72.329582
-72.0
-72.263664
-72.0
-72.21093
-69.0
-71.568748
-73.0
-71.855003
-72.0
-71.884003
-70.0
-71.507202
-70.0
-71.205765
-69.0
-70.76461
-70.0
-70.611694
-72.0
-70.889359
-70.0
-70.711487
-70.0
-70.569191
-72.0
-70.855354
-72.0
-71.084282
-72.0
-71.267426
-69.0
-70.214249
-66.0
-69.371399
-69.0
-69.297119
-69.0
-69.237694
-71.0
-69.590157
-67.0
-69.072128
-67.0
-68.6577
-69.0
-68.726158
-71.0
-69.180923
-71.0
-69.544739
-70.0
-69.635796
-71.0
-69.908638
-71.0
-70.126907
-71.0
-70.301529
-67.0
-69.64122
-78.0
-71.312981
-67.0
-70.450386
-67.0
-69.760307
-67.0
-69.208244
-71.0
-69.566597
-71.0
-69.853279
-71.0
-70.082626
-71.0
-70.266098
-67.0
-69.612877
-67.0
-69.090302
-71.0
-69.472244
-71.0
-69.777794
-66.0
-69.022232
-69.0
-69.017784
-71.0
-69.41423
-70.0
-69.531387
-70.0
-69.625114
-70.0
-69.700096
-68.0
-69.360077
-67.0
-68.888062
-68.0
-68.710449
-71.0
-69.168358
-66.0
-68.534683
-71.0
-69.027748
-71.0
-69.422195
-71.0
-69.737755
-81.0
-71.990204
-71.0
-71.79216
-67.0
-70.833725
-71.0
-70.866982
-68.0
-70.293587
-67.0
-69.634872
-67.0
-69.107895
-67.0
-68.686317
-70.0
-68.949059
-69.0
-72.647842
-77.0
-73.518272
-69.0
-72.614616
-76.0
-73.291695
-76.0
-73.833359
-80.0
-75.066689
-74.0
-74.853355
-76.0
-75.082687
-76.0
-75.266151
-76.0
-75.412918
-76.0
-75.530334
-69.0
-74.224266
-68.0
-72.979416
-76.0
-73.583534
-64.0
-71.666832
-69.0
-71.133469
-75.0
-71.906776
-74.0
-72.325424
-74.0
-72.660339
-68.0
-71.728271
-76.0
-72.582619
-69.0
-71.866096
-74.0
-72.292877
-70.0
-71.834305
-74.0
-72.267448
-75.0
-72.813965
-75.0
-73.251175
-75.0
-73.600945
-74.0
-73.680756
-74.0
-73.744606
-75.0
-73.995689
-70.0
-73.196556
-66.0
-71.757248
-71.0
-71.605797
-74.0
-72.084641
-77.0
-73.067711
-75.0
-73.45417
-75.0
-73.763336
-74.0
-73.810669
-70.0
-73.048538
-70.0
-72.438835
-75.0
-72.951073
-74.0
-73.160858
-74.0
-73.32869
-75.0
-73.662956
-74.0
-73.73037
-74.0
-73.784294
-74.0
-73.827438
-74.0
-73.861954
-70.0
-73.089569
