-28.0
-28.362167
-28.0
-28.289734
-28.0
-28.231789
-28.0
-28.185432
-28.0
-28.148346
-28.0
-28.118677
-28.0
-28.094942
-32.0
-28.875954
-32.0
-29.500763
-32.0
-30.00061
-28.0
-29.600489
-28.0
-29.280392
-28.0
-29.024315
-32.0
-29.619452
-28.0
-29.295563
-28.0
-29.036451
-28.0
-28.829163
-28.0
-28.66333
-28.0
-28.530664
-32.0
-29.224531
-70.0
-37.379627
-28.0
-35.5037
-28.0
-34.00296
-32.0
-33.602367
-28.0
-32.481895
-28.0
-31.585518
-28.0
-30.868416
-28.0
-30.294733
-28.0
-29.835787
-28.0
-29.46863
-28.0
-29.174904
-28.0
-28.939924
-28.0
-28.75194
-28.0
-28.601553
-28.0
-28.481243
-32.0
-29.184994
-28.0
-28.947996
-28.0
-28.758398
-28.0
-28.60672
-32.0
-29.285376
-28.0
-29.028301
-28.0
-28.822641
-28.0
-28.658113
-32.0
-29.32649
-28.0
-29.061193
-32.0
-29.648954
-28.0
-29.319164
-28.0
-29.055332
-28.0
-28.844267
-28.0
-28.675415
-51.0
-51.610149
-52.0
-51.688122
-51.0
-51.550499
-51.0
-51.440399
-54.0
-51.95232
-52.0
-51.961857
-51.0
-51.769485
-51.0
-51.615589
-52.0
-51.692474
-51.0
-51.553982
-50.0
-51.243187
-52.0
-51.39455
-51.0
-51.315643
-54.0
-51.852516
-51.0
-51.682014
-52.0
-51.745613
-52.0
-51.796494
-52.0
-51.837196
-51.0
-51.669758
-52.0
-51.735809
-52.0
-51.788651
-51.0
-51.63092
-51.0
-51.504738
-52.0
-51.603794
-54.0
-52.083035
-51.0
-51.866428
-51.0
-51.693146
-51.0
-51.55452
-54.0
-52.043617
-51.0
-51.834896
-52.0
-51.86792
-51.0
-51.694336
-52.0
-51.75547
-51.0
-51.604378
-52.0
-51.683506
-53.0
-51.946804
-52.0
-51.957447
-52.0
-51.965961
-51.0
-51.77277
-51.0
-51.618217
-51.0
-51.494576
-51.0
-51.39566
-53.0
-51.716526
-52.0
-51.773224
-51.0
-51.61858
-51.0
-51.494865
-55.0
-52.195892
-52.0
-52.156715
-52.0
-52.125374
-51.0
-51.900299
-58.0
-56.024471
-54.0
-55.619576
-55.0
-55.495663
-55.0
-55.39653
-55.0
-55.317226
-55.0
-55.25378
-55.0
-55.203026
-58.0
-55.762421
-55.0
-55.609936
-55.0
-55.487949
-55.0
-55.390362
-55.0
-55.31229
-55.0
-55.249832
-55.0
-55.199867
-76.0
-59.359894
-52.0
-57.887917
-52.0
-56.710335
-55.0
-56.368267
-55.0
-56.094616
-55.0
-55.875694
-55.0
-55.700558
-54.0
-55.360447
-55.0
-55.288357
-57.0
-55.630688
-57.0
-55.904552
-57.0
-56.123646
-55.0
-55.898918
-55.0
-55.719135
-55.0
-55.57531
-57.0
-55.860249
-79.0
-60.488197
-55.0
-59.39056
-55.0
-58.512447
-58.0
-58.409958
-56.0
-57.927967
-55.0
-57.342373
-54.0
-56.673897
-55.0
-56.339119
-55.0
-56.071297
-55.0
-55.857037
-55.0
-55.685631
-57.0
-55.948505
-48.0
-54.358803
-55.0
-54.487041
-58.0
-55.189632
-56.0
-55.351707
-57.0
-55.68137
-58.0
-56.145096
-55.0
-55.916077
-55.0
-55.732861
-54.0
-54.33477
-53.0
-54.067814
-57.0
-54.654255
-54.0
-54.523403
-54.0
-54.418724
-54.0
-54.33498
-54.0
-54.267982
-54.0
-54.214386
-54.0
-54.171509
-54.0
-54.137207
-54.0
-54.109764
-53.0
-53.88781
-57.0
-54.51025
-47.0
-53.008202
-52.0
-52.806564
-54.0
-53.04525
-54.0
-53.236198
-54.0
-53.388958
-54.0
-53.511166
-54.0
-53.608932
-54.0
-53.687145
-57.0
-54.34972
-56.0
-54.679779
-54.0
-54.543823
-53.0
-54.235058
-52.0
-53.788048
-54.0
-53.830437
-54.0
-53.864349
-54.0
-53.891479
-54.0
-53.913185
-54.0
-53.93055
-74.0
-57.944439
-52.0
-56.755554
-54.0
-56.204445
-54.0
-55.763557
-54.0
-55.410847
-54.0
-55.128677
-56.0
-55.302944
-54.0
-55.042355
-54.0
-54.833885
-54.0
-54.667107
-54.0
-54.533684
-54.0
-54.426949
-56.0
-54.741562
-56.0
-54.993252
-54.0
-54.794601
-54.0
-54.635681
-52.0
-54.108547
-56.0
-54.486839
-54.0
-54.389473
-54.0
-53.521397
-54.0
-53.617119
-54.0
-53.693695
-54.0
-53.754955
-54.0
-53.803963
-52.0
-53.443172
-54.0
-53.554539
-54.0
-53.643631
-54.0
-53.714905
-55.0
-53.971924
-54.0
-53.977539
-53.0
-53.782032
-54.0
-53.825626
-54.0
-53.8605
-54.0
-53.888401
-80.0
-59.110722
-53.0
-57.888577
-54.0
-57.110863
-53.0
-56.288689
-53.0
-55.630951
-53.0
-55.104759
-54.0
-54.883808
-54.0
-54.707047
-54.0
-54.565636
-54.0
-54.452507
-53.0
-54.162006
-54.0
-54.129604
-54.0
-54.103683
-53.0
-53.882946
-52.0
-53.506359
-54.0
-53.605087
-52.0
-53.284073
-54.0
-53.427258
-53.0
-53.341805
-54.0
-53.473442
-52.0
-53.178757
-53.0
-53.143005
-54.0
-53.314404
-79.0
-58.451523
-54.0
-57.561218
-52.0
-56.448978
-52.0
-55.559185
-54.0
-55.247349
-53.0
-54.797878
-54.0
-54.638302
-54.0
-54.510643
-52.0
-54.008518
-53.0
-53.806812
-54.0
-53.845451
-52.0
-53.476364
-54.0
-53.30233
-56.0
-53.841866
-56.0
-54.273495
-54.0
-54.218796
-81.0
-59.575039
-54.0
-58.46003
-53.0
-57.368023
-54.0
-56.69442
-56.0
-56.555538
-53.0
-55.844429
-54.0
-55.475544
-53.0
-54.980434
-54.0
-54.784348
-54.0
-54.62748
-56.0
-54.901985
-53.0
-54.521587
-53.0
-54.21727
-53.0
-53.973816
-54.0
-53.979053
-79.0
-58.983242
-53.0
-57.786594
-54.0
-57.029274
-53.0
-56.223419
-51.0
-55.178738
-55.0
-55.14299
-56.0
-55.314392
-56.0
-55.451515
-53.0
-54.961212
-53.0
-54.56897
-55.0
-54.655178
-54.0
-54.524143
-54.0
-54.419315
-54.0
-54.335453
-53.0
-54.068363
-54.0
-54.054691
-54.0
-54.043755
-53.0
-53.835003
-56.0
-54.268005
-53.0
-54.014404
-54.0
-54.011524
-53.0
-53.809219
-53.0
-53.647373
-54.0
-53.717899
-79.0
-58.774319
-56.0
-58.219456
-53.0
-57.175564
-53.0
-56.34045
-54.0
-55.87236
-53.0
-55.297886
-53.0
-54.838306
-54.0
-54.428135
-56.0
-54.742508
-56.0
-54.994007
-56.0
-55.195206
-56.0
-55.356167
-54.0
-55.084934
-56.0
-55.267948
-55.0
-55.214359
-57.0
-55.571491
-54.0
-55.257195
-56.0
-55.405758
-56.0
-55.524609
-54.0
-55.219688
-56.0
-55.375751
-55.0
-55.300602
-55.0
-55.240482
-56.0
-55.392387
-56.0
-55.513912
-54.0
-55.211128
-56.0
-55.368904
-54.0
-55.095123
-53.0
-54.676098
-52.0
-54.140881
-52.0
-53.712708
-56.0
-54.170166
-52.0
-53.736134
-56.0
-54.188908
-55.0
-54.351128
-55.0
-54.480904
-56.0
-54.784725
-56.0
-55.027782
-55.0
-55.022228
-52.0
-54.417786
-54.0
-54.334229
-55.0
-54.467384
-56.0
-54.773911
-55.0
-54.81913
-56.0
-55.055305
-53.0
-54.644245
-56.0
-54.915398
-54.0
-54.732319
-58.0
-55.385853
-57.0
-55.708683
-53.0
-55.166946
-56.0
-55.333557
-53.0
-54.866844
-56.0
-55.093475
-55.0
-55.07478
-57.0
-55.459827
-54.0
-55.167862
-55.0
-55.236195
-55.0
-55.188957
-56.0
-55.351166
-55.0
-55.280933
-55.0
-55.224747
-56.0
-55.379799
-55.0
-55.303841
-55.0
-55.243073
-55.0
-55.194458
-55.0
-55.155567
-55.0
-55.124454
-53.0
-54.699562
-55.0
-54.759651
-55.0
-54.80772
-55.0
-54.846176
-55.0
-54.876942
-55.0
-54.901554
-63.0
-56.521244
-55.0
-56.216995
-55.0
-55.973598
-55.0
-55.778881
-55.0
-55.623104
-55.0
-55.498486
-55.0
-55.398788
-57.0
-55.719032
-53.0
-55.175224
-55.0
-55.140179
-55.0
-55.112144
-55.0
-55.089718
-55.0
-55.071774
-58.0
-55.657417
-55.0
-55.525936
-56.0
-55.62075
-55.0
-55.496601
-55.0
-55.397282
-56.0
-55.517826
-53.0
-55.014259
-55.0
-55.01141
-55.0
-55.009129
-57.0
-55.407307
-55.0
-55.325848
-55.0
-55.260677
-56.0
-55.408543
-56.0
-55.526836
-53.0
-55.021469
-55.0
-55.017178
-55.0
-55.013744
-55.0
-55.010998
-55.0
-55.008801
-55.0
-55.007042
-60.0
-58.372662
-58.0
-58.29813
-60.0
-58.638504
-58.0
-58.510803
-58.0
-58.408642
-58.0
-58.326912
-58.0
-58.261528
-56.0
-57.809223
-58.0
-57.847378
-58.0
-57.877903
-58.0
-57.902321
-58.0
-57.921856
-60.0
-58.337486
-57.0
-58.069992
-59.0
-58.255993
-58.0
-58.204792
-60.0
-58.563835
-60.0
-58.85107
-58.0
-58.680855
-58.0
-58.544682
-58.0
-58.435745
-58.0
-58.348595
-59.0
-58.478874
-58.0
-58.383099
-58.0
-58.306477
-58.0
-58.245182
-56.0
-57.796146
-60.0
-58.236919
-58.0
-58.189533
-58.0
-58.151627
-58.0
-58.1213
-58.0
-58.097038
-58.0
-58.077629
-56.0
-57.662106
-60.0
-58.129684
-60.0
-58.50375
-58.0
-58.403
-58.0
-58.322399
-56.0
-57.857922
-58.0
-57.886337
-58.0
-57.909069
-59.0
-58.127254
-81.0
-62.701805
-58.0
-61.761444
-58.0
-61.009155
-58.0
-60.407322
-60.0
-60.325859
-58.0
-59.860687
-80.0
-63.88855
-59.0
-62.910839
-59.0
-58.946007
-56.0
-58.356808
-59.0
-58.485447
-56.0
-57.988358
-56.0
-57.590687
-55.0
-57.072552
-80.0
-61.658043
-56.0
-60.526436
-59.0
-60.221149
-60.0
-60.176922
-59.0
-59.941536
-56.0
-59.153229
-58.0
-58.922581
-56.0
-58.338066
-78.0
-62.270451
-59.0
-61.61636
-59.0
-61.093086
-59.0
-60.674469
-56.0
-59.739578
-56.0
-58.991665
-55.0
-58.193333
-55.0
-57.554668
-56.0
-57.243736
-59.0
-57.59499
-55.0
-57.075993
-59.0
-57.460793
-59.0
-57.768635
-59.0
-58.014908
-59.0
-58.211926
-59.0
-58.369541
-59.0
-58.495632
-59.0
-58.596504
-56.0
-58.077206
-56.0
-57.661766
-59.0
-57.929413
-58.0
-57.943531
-54.0
-57.154823
-54.0
-56.523857
-55.0
-56.219086
-55.0
-55.975269
-58.0
-56.380215
-55.0
-56.104172
-56.0
-56.08334
-55.0
-55.866673
-59.0
-56.49334
-59.0
-56.994671
-59.0
-57.395737
-59.0
-57.716591
-55.0
-57.173275
-59.0
-57.53862
-57.0
-62.800301
-56.0
-61.440243
-56.0
-60.352196
-56.0
-59.481758
-56.0
-58.785408
-57.0
-58.428329
-57.0
-58.142666
-58.0
-58.114132
-56.0
-57.691307
-56.0
-57.353046
-56.0
-57.082439
-58.0
-57.265949
-57.0
-57.212761
-57.0
-57.170212
-56.0
-56.936172
-56.0
-56.74894
-56.0
-56.599152
-57.0
-56.679325
-56.0
-56.543461
-56.0
-56.434769
-56.0
-56.347816
-56.0
-56.278255
-56.0
-56.222607
-77.0
-60.378086
-56.0
-59.502472
-56.0
-58.801979
-56.0
-58.241585
-57.0
-57.993271
-57.0
-57.794621
-56.0
-57.435699
-56.0
-57.14856
-56.0
-56.91885
-56.0
-56.735081
-56.0
-56.588066
-57.0
-56.670456
-56.0
-56.536366
-57.0
-56.629093
-56.0
-56.503277
-58.0
-56.80262
-57.0
-56.842098
-56.0
-56.673679
-57.0
-56.738945
-57.0
-56.791157
-58.0
-57.032925
-56.0
-56.82634
-57.0
-56.861073
-57.0
-56.888859
-57.0
-56.911091
-56.0
-56.728874
-57.0
-56.7831
-59.0
-58.639603
-81.0
-63.111683
-59.0
-62.289345
-55.0
-60.831478
-59.0
-60.465183
-59.0
-60.172146
-57.0
-59.53772
-57.0
-59.030178
-59.0
-59.024143
-57.0
-58.619316
-59.0
-58.695454
-57.0
-58.356365
-59.0
-58.485092
-55.0
-57.788074
-58.0
-57.83046
-58.0
-57.864368
-59.0
-58.091496
-59.0
-58.273197
-59.0
-58.418556
-59.0
-58.534843
-56.0
-58.027878
-57.0
-57.822304
-59.0
-58.057842
-57.0
-57.846275
-56.0
-57.47702
-59.0
-57.781616
-57.0
-57.625294
-57.0
-57.500237
-59.0
-57.80019
-59.0
-58.040154
-59.0
-58.232124
-57.0
-57.985703
-79.0
-62.18856
-59.0
-61.55085
-59.0
-61.04068
-59.0
-60.632545
-59.0
-60.306038
-57.0
-59.644833
-58.0
-59.315865
-59.0
-59.252693
-59.0
-59.202156
-59.0
-59.161724
-61.0
-59.529381
-54.0
-58.423504
-59.0
-58.538803
-58.0
-58.431042
-58.0
-58.344833
-57.0
-58.075871
-57.0
-57.860699
-59.0
-58.088558
-58.0
-58.59206
-57.0
-58.273651
-57.0
-58.018925
-57.0
-57.815144
-58.0
-57.852116
-57.0
-57.681694
-57.0
-57.545357
-58.0
-57.636284
-57.0
-57.509029
-57.0
-57.407227
-59.0
-57.72578
-59.0
-57.980625
-59.0
-58.184502
-57.0
-57.947605
-59.0
-58.158085
-58.0
-58.126469
-58.0
-58.101173
-57.0
-57.880939
-57.0
-57.704754
-57.0
-57.563805
-57.0
-57.451046
-58.0
-57.560837
-58.0
-57.64867
-58.0
-57.718937
-58.0
-57.77515
-59.0
-58.020119
-57.0
-57.816097
-59.0
-58.052879
-58.0
-58.042301
-57.0
-57.833843
-57.0
-57.667076
-57.0
-57.533665
-57.0
-57.426933
-57.0
-57.341549
-57.0
-57.273243
-57.0
-57.218597
-57.0
-57.174881
-58.0
-57.339905
-58.0
-57.471924
-57.0
-57.377541
-56.0
-57.102036
-57.0
-57.081631
-57.0
-57.065308
-57.0
-57.05225
-57.0
-57.041801
-57.0
-57.033443
-57.0
-57.026756
-58.0
-57.221405
-58.0
-57.377125
-57.0
-57.301701
-56.0
-57.465553
-56.0
-57.172443
-57.0
-57.137959
-56.0
-56.91037
-56.0
-56.728298
-59.0
-57.18264
-56.0
-56.946114
-56.0
-56.756893
-56.0
-56.605515
-59.0
-57.084412
-56.0
-56.867531
-56.0
-56.694027
-56.0
-56.555222
-56.0
-56.44418
-60.0
-57.155346
-59.0
-57.524277
-59.0
-57.81942
-57.0
-57.655537
-56.0
-57.324432
-59.0
-57.659546
-59.0
-57.927635
-57.0
-57.742111
-56.0
-57.393692
-58.0
-57.514954
-56.0
-57.211964
-60.0
-57.769573
-56.0
-57.415661
-57.0
-57.332531
-56.0
-57.066025
-56.0
-56.852821
-56.0
-56.682259
-56.0
-56.545807
-56.0
-56.436646
-56.0
-56.349319
-59.0
-56.879456
-60.0
-57.503567
-56.0
-57.202854
-56.0
-56.962284
-56.0
-56.769829
-56.0
-56.615864
-59.0
-57.09269
-59.0
-57.474152
-56.0
-57.179321
-60.0
-57.743458
-56.0
-57.394768
-59.0
-57.715813
-59.0
-57.972649
-56.0
-57.578121
-56.0
-57.262497
-56.0
-57.009998
-58.0
-59.364323
-57.0
-58.89146
-59.0
-58.91317
-58.0
-58.730534
-57.0
-58.38443
-59.0
-58.507545
-59.0
-58.606037
-57.0
-58.284832
-60.0
-58.627865
-59.0
-58.702293
-59.0
-58.761833
-59.0
-58.809467
-59.0
-58.847572
-59.0
-58.878059
-59.0
-58.902447
-59.0
-58.921959
-59.0
-58.937569
-59.0
-58.950054
-60.0
-59.160046
-59.0
-59.128036
-59.0
-59.102428
-58.0
-58.881943
-59.0
-58.905556
-59.0
-58.924446
-60.0
-59.139557
-60.0
-59.311646
-59.0
-59.249317
-59.0
-59.199455
-58.0
-58.959564
-59.0
-58.967651
-58.0
-58.77412
-59.0
-58.819298
-57.0
-58.455441
-58.0
-58.364353
-59.0
-58.491482
-59.0
-58.593185
-59.0
-58.674549
-59.0
-58.739639
-79.0
-62.79171
-59.0
-62.033367
-57.0
-61.026695
-58.0
-60.421356
-58.0
-59.937084
-58.0
-59.549667
-58.0
-59.239735
-59.0
-59.191788
-59.0
-59.153431
-60.0
-59.322746
-60.0
-59.458199
-59.0
-59.366558
-57.0
-59.79604
-62.0
-60.236835
-59.0
-59.989468
-59.0
-59.791573
-75.0
-62.83326
-62.0
-62.666611
-62.0
-62.533291
-59.0
-61.826633
-62.0
-61.861309
-59.0
-61.289047
-59.0
-60.831238
-62.0
-61.064991
-56.0
-60.051994
-59.0
-59.841595
-61.0
-60.073277
-61.0
-60.258621
-62.0
-60.606899
-57.0
-59.885521
-59.0
-59.708416
-57.0
-59.166737
-59.0
-59.133389
-62.0
-59.706715
-62.0
-60.165375
-61.0
-60.332302
-61.0
-60.465843
-61.0
-60.572678
-59.0
-60.258141
-59.0
-60.006512
-61.0
-60.205212
-59.0
-59.964169
-62.0
-60.371338
-62.0
-60.697071
-61.0
-60.75766
-58.0
-60.206127
-59.0
-59.964901
-61.0
-60.171921
-62.0
-60.53754
-59.0
-60.230034
-59.0
-59.984028
-58.0
-59.587223
-59.0
-59.46978
-62.0
-59.975826
-62.0
-60.380665
-57.0
-59.704533
-62.0
-60.163628
-62.0
-60.530903
-59.0
-60.224724
-62.0
-60.579781
-57.0
-59.863827
-58.0
-59.491062
-61.0
-60.467102
-61.0
-60.573685
-60.0
-60.45895
-61.0
-60.567162
-61.0
-60.653732
-61.0
-60.722988
-61.0
-60.778393
-61.0
-60.822716
-61.0
-60.858173
-61.0
-60.886539
-60.0
-60.709232
-60.0
-60.567387
-61.0
-60.653912
-61.0
-60.723129
-60.0
-60.578503
-61.0
-60.662804
-61.0
-60.730244
-60.0
-60.584194
-61.0
-60.667358
-60.0
-60.533886
-61.0
-60.62711
-60.0
-60.50169
-61.0
-60.601353
-61.0
-60.681084
-61.0
-60.744869
-61.0
-60.795898
-61.0
-60.83672
-61.0
-60.869377
-61.0
-60.895504
-61.0
-60.916405
-61.0
-60.933125
-61.0
-60.946503
-61.0
-60.957203
-61.0
-60.965763
-61.0
-60.97261
-61.0
-60.978088
-61.0
-60.982471
-61.0
-60.985977
-61.0
-60.988785
-61.0
-60.991028
-61.0
-60.992825
-60.0
-60.794262
-60.0
-60.63541
-61.0
-60.708328
-61.0
-60.766663
-61.0
-60.813332
-60.0
-60.650665
-61.0
-60.720535
-61.0
-60.776428
-61.0
-60.821144
-57.0
-58.708118
-57.0
-58.366497
-62.0
-59.093201
-62.0
-59.674564
-57.0
-59.139652
-58.0
-58.91172
-57.0
-58.529377
-61.0
-59.023502
-57.0
-58.618805
-57.0
-58.295048
-56.0
-57.83604
-57.0
-57.668835
-57.0
-57.535069
-57.0
-57.428059
-62.0
-58.342449
-61.0
-58.873962
-57.0
-58.499172
-58.0
-58.399338
-58.0
-58.319469
-56.0
-57.855576
-58.0
-57.88446
-57.0
-57.707569
-62.0
-58.566059
-61.0
-59.052849
-61.0
-59.44228
-62.0
-59.953827
-62.0
-60.363064
-57.0
-59.690453
-61.0
-59.952362
-58.0
-59.56189
-78.0
-63.249512
-62.0
-62.999611
-62.0
-62.79969
-58.0
-61.839752
-62.0
-61.871803
-57.0
-60.897446
-57.0
-60.117958
-57.0
-59.49437
-61.0
-59.795498
-78.0
-63.436398
-57.0
-62.14912
-61.0
-61.919296
-61.0
-61.735439
-61.0
-61.588352
-61.0
-61.470684
-57.0
-60.57655
-58.0
-60.061237
-61.0
-60.248993
-57.0
-59.599197
-61.0
-59.87936
-56.0
-61.29224
-63.0
-61.633793
-56.0
-60.507034
-63.0
-61.005627
-63.0
-61.404499
-56.0
-60.323601
-63.0
-60.858879
-64.0
-61.487103
-63.0
-61.78968
-64.0
-62.231743
-63.0
-62.385395
-60.0
-61.908318
-63.0
-62.126652
-56.0
-60.901321
-63.0
-61.321056
-63.0
-61.656845
-56.0
-60.525478
-56.0
-59.620384
-62.0
-60.09631
-63.0
-60.677048
-56.0
-59.741638
-63.0
-60.393311
-63.0
-60.914646
-63.0
-61.331715
-63.0
-61.665371
-56.0
-60.532299
-56.0
-59.625839
-63.0
-60.300671
-63.0
-60.840534
-62.0
-61.07243
-63.0
-61.457943
-56.0
-60.366356
-60.0
-60.293087
-56.0
-59.434471
-63.0
-60.147575
-63.0
-60.71806
-61.0
-60.774448
-63.0
-61.219559
-56.0
-60.175648
-63.0
-60.740517
-62.0
-60.992416
-63.0
-61.393932
-55.0
-60.115147
-56.0
-59.292118
-63.0
-60.033695
-56.0
-59.226959
-63.0
-59.981567
-60.0
-59.985256
-63.0
-60.588203
-63.0
-61.07056
-64.0
-63.17675
-62.0
-62.941402
-64.0
-63.153122
-63.0
-63.122498
-64.0
-63.297997
-64.0
-63.438396
-64.0
-63.550716
-62.0
-63.240574
-64.0
-63.39246
-62.0
-63.113972
-63.0
-63.091175
-63.0
-63.072941
-64.0
-63.258354
-65.0
-63.606686
-63.0
-63.485348
-65.0
-63.78828
-65.0
-64.030624
-64.0
-64.024498
-59.0
-63.0196
-63.0
-63.015678
-63.0
-63.012543
-63.0
-63.010033
-65.0
-63.408028
-65.0
-63.726421
-64.0
-63.781136
-79.0
-66.824913
-64.0
-66.259933
-65.0
-66.00795
-64.0
-65.606361
-65.0
-65.485092
-64.0
-65.188072
-64.0
-64.950462
-62.0
-64.360367
-62.0
-63.888294
-62.0
-63.510639
-62.0
-63.208515
-64.0
-63.366814
-64.0
-63.49345
-64.0
-63.594761
-64.0
-63.675808
-81.0
-67.140648
-65.0
-66.712524
-64.0
-66.170021
-62.0
-65.336014
-60.0
-64.268814
-64.0
-64.21505
-63.0
-63.972038
-62.0
-63.577633
-64.0
-63.662106
-63.0
-63.529682
-63.0
-62.887848
-64.0
-63.110279
-63.0
-63.088223
-63.0
-63.070576
-64.0
-63.256462
-63.0
-63.20517
-64.0
-63.364136
-63.0
-63.291309
-63.0
-63.233047
-64.0
-63.386436
-63.0
-63.309147
-64.0
-63.447319
-64.0
-63.557854
-60.0
-62.846283
-64.0
-63.077026
-64.0
-63.26162
-80.0
-66.609299
-64.0
-66.08744
-63.0
-65.469955
-64.0
-65.175964
-64.0
-64.940773
-64.0
-64.752617
-63.0
-64.402092
-64.0
-64.321678
-63.0
-64.057343
-60.0
-63.245876
-63.0
-63.196701
-63.0
-63.15736
-63.0
-63.125889
-83.0
-67.100716
-60.0
-65.680573
-63.0
-65.144463
-64.0
-64.915573
-61.0
-64.132462
-63.0
-63.905968
-63.0
-63.724773
-64.0
-63.779819
-64.0
-63.823856
-64.0
-63.859085
-64.0
-63.887268
-64.0
-63.909813
-60.0
-63.12785
-63.0
-63.10228
-65.0
-63.481823
-64.0
-63.585457
-64.0
-63.668365
-59.0
-62.734692
-64.0
-62.987755
-63.0
-62.990204
-63.0
-62.992161
-69.0
-67.031189
-66.0
-66.824951
-70.0
-67.459961
-66.0
-67.167969
-65.0
-66.734375
-66.0
-66.587502
-65.0
-66.270004
-71.0
-67.216003
-65.0
-66.772804
-69.0
-67.218246
-65.0
-66.774597
-70.0
-67.419678
-68.0
-67.535744
-65.0
-67.028595
-70.0
-67.622879
-65.0
-67.098305
-70.0
-67.67865
-70.0
-68.142921
-65.0
-67.514343
-66.0
-67.211472
-66.0
-66.969177
-71.0
-67.775345
-71.0
-68.420273
-70.0
-68.736221
-71.0
-69.18898
-70.0
-69.351189
-65.0
-68.480957
-66.0
-67.984764
-66.0
-67.587814
-65.0
-67.070251
-66.0
-66.856201
-65.0
-66.484962
-70.0
-67.187973
-71.0
-67.950378
-71.0
-68.560303
-71.0
-69.048241
-71.0
-69.438591
-65.0
-68.550873
-71.0
-69.040695
-65.0
-68.232559
-71.0
-68.786049
-71.0
-69.228836
-65.0
-68.383072
-71.0
-68.906456
-65.0
-68.125168
-65.0
-67.500137
-65.0
-67.000114
-65.0
-66.600098
-66.0
-66.48008
-65.0
-66.184067
-80.0
-74.718124
-83.0
-76.374504
-66.0
-74.299606
-84.0
-76.239685
-93.0
-79.591751
-65.0
-76.673401
-82.0
-77.738724
-65.0
-75.190979
-82.0
-76.55278
-87.0
-78.642227
-80.0
-78.913788
-83.0
-79.731033
-80.0
-79.784828
-83.0
-80.427864
-81.0
-80.54229
-66.0
-77.633827
-66.0
-75.30706
-80.0
-76.245651
-65.0
-73.996521
-79.0
-74.997215
-83.0
-76.597771
-66.0
-74.478218
-66.0
-72.782578
-78.0
-73.826065
-82.0
-75.460854
-66.0
-73.56868
-82.0
-75.254944
-82.0
-76.603958
-66.0
-74.48317
-66.0
-72.786537
-82.0
-74.629227
-78.0
-75.303383
-78.0
-75.842705
-82.0
-77.074165
-82.0
-78.059334
-78.0
-78.04747
-78.0
-78.037979
-78.0
-78.030388
-66.0
-75.624313
-82.0
-76.899452
-82.0
-77.919563
-83.0
-78.935654
-83.0
-79.748528
-77.0
-79.198822
-77.0
-78.759056
-66.0
-76.207245
-76.0
-76.165794
-77.0
-76.332634
-77.0
-76.46611
-65.0
-74.17289
-61.0
-65.025444
-65.0
-65.020355
-67.0
-65.416283
-67.0
-65.733025
-67.0
-65.98642
-67.0
-66.189133
-67.0
-66.351303
-67.0
-66.481041
-61.0
-65.384834
-61.0
-64.507866
-67.0
-65.006294
-67.0
-65.405037
-62.0
-64.72403
-67.0
-65.179222
-67.0
-65.543381
-67.0
-65.834702
-66.0
-65.86776
-61.0
-64.894211
-67.0
-65.315369
-67.0
-65.652298
-67.0
-65.921837
-67.0
-66.137466
-67.0
-66.309975
-67.0
-66.447983
-67.0
-66.558388
-67.0
-66.646713
-67.0
-66.717369
-67.0
-66.773895
-66.0
-66.619118
-67.0
-66.695297
-80.0
-69.356239
-68.0
-69.084991
-67.0
-68.667992
-67.0
-68.334396
-67.0
-68.06752
-67.0
-67.854019
-67.0
-67.683212
-67.0
-67.54657
-67.0
-67.437256
-67.0
-67.349808
-67.0
-67.279846
-67.0
-67.223877
-67.0
-67.1791
-67.0
-67.14328
-67.0
-67.114624
-66.0
-66.891701
-67.0
-66.913361
-67.0
-66.930687
-67.0
-66.94455
-62.0
-65.955643
-77.0
-74.323936
-68.0
-73.059151
-69.0
-72.247322
-68.0
-71.397858
-79.0
-72.918289
-68.0
-71.934631
-69.0
-71.34771
-77.0
-72.478165
-79.0
-73.782532
-68.0
-72.62603
-78.0
-73.700829
-68.0
-72.560661
-76.0
-73.248528
-68.0
-72.198822
-80.0
-73.759064
-76.0
-74.207253
-68.0
-72.965805
-63.0
-70.972649
-63.0
-69.37812
-76.0
-70.702499
-77.0
-71.961998
-68.0
-71.169601
-79.0
-72.73568
-68.0
-71.788544
-63.0
-70.030838
-68.0
-69.624672
-76.0
-70.899734
-68.0
-70.319786
-68.0
-69.855827
-79.0
-71.684662
-68.0
-70.947731
-78.0
-72.358185
-78.0
-73.486549
-78.0
-74.389244
-79.0
-75.311394
-79.0
-76.049118
-69.0
-74.639297
-68.0
-73.31144
-69.0
-72.44915
-68.0
-71.559319
-78.0
-72.847458
-78.0
-73.877968
-78.0
-74.702377
-69.0
-73.561905
-69.0
-72.649529
-68.0
-71.719627
-78.0
-72.9757
-69.0
-72.180565
-78.0
-73.344452
-78.0
-74.275566
-69.0
-69.537926
-68.0
-69.230339
-68.0
-68.984276
-70.0
-69.187424
-69.0
-69.14994
-69.0
-69.119957
-68.0
-68.895966
-68.0
-68.716774
-68.0
-68.573418
-68.0
-68.458733
-70.0
-68.766991
-69.0
-68.813591
-68.0
-68.650871
-68.0
-68.520699
-70.0
-68.816559
-68.0
-68.653252
-69.0
-68.722603
-68.0
-68.578087
-69.0
-68.662468
-69.0
-68.729973
-82.0
-71.38398
-70.0
-71.107185
-70.0
-70.88575
-67.0
-70.108597
-69.0
-69.886879
-69.0
-69.709503
-67.0
-69.167603
-66.0
-68.534081
-69.0
-68.627266
-80.0
-70.901817
-68.0
-70.321457
-69.0
-70.057167
-69.0
-69.845734
-68.0
-69.476585
-68.0
-69.181267
-69.0
-69.145012
-67.0
-68.716011
-69.0
-68.772812
-69.0
-68.818253
-68.0
-68.654602
-67.0
-68.323685
-71.0
-68.858948
-71.0
-69.287155
-69.0
-69.229729
-71.0
-69.583786
-69.0
-69.467033
-70.0
-69.573631
-69.0
-69.458908
-69.0
-69.367126
-69.0
-69.293701
-72.0
-73.512344
-73.0
-73.409874
-76.0
-73.927902
-73.0
-73.742325
-73.0
-73.593864
-73.0
-73.47509
-73.0
-73.380074
-73.0
-73.304062
-72.0
-73.043251
-75.0
-73.434601
-72.0
-73.147682
-77.0
-73.918144
-73.0
-73.73452
-73.0
-73.587616
-73.0
-73.470093
-74.0
-73.576073
-73.0
-73.460861
-73.0
-73.36869
-73.0
-73.294952
-74.0
-73.435966
-74.0
-73.548775
-74.0
-73.639023
-78.0
-74.511223
-73.0
-74.208977
-71.0
-73.567184
-74.0
-73.653748
-77.0
-74.322998
-74.0
-74.2584
-74.0
-74.206718
-75.0
-74.365379
-74.0
-74.292305
-77.0
-74.833847
-78.0
-75.467079
-73.0
-74.973663
-78.0
-75.578934
-73.0
-75.063148
-73.0
-74.65052
-73.0
-74.320419
-79.0
-75.25634
-74.0
-75.005074
-73.0
-74.604057
-73.0
-74.283249
-73.0
-74.026604
-73.0
-73.821281
-73.0
-73.657028
-73.0
-73.525627
-74.0
-73.620506
-79.0
-74.696404
-74.0
-74.557121
-74.0
-74.445702
-72.0
-71.816833
-71.0
-71.653465
-71.0
-71.522774
-70.0
-71.218224
-70.0
-70.974579
-70.0
-70.779663
-70.0
-70.623734
-70.0
-70.498993
-71.0
-70.599197
-70.0
-70.479362
-70.0
-70.383492
-69.0
-70.106796
-70.0
-70.085442
-70.0
-70.068359
-70.0
-70.054687
-71.0
-70.243752
-71.0
-70.395004
-71.0
-70.516006
-70.0
-70.412811
-71.0
-70.530251
-71.0
-70.624199
-71.0
-70.699356
-71.0
-70.759483
-70.0
-70.60759
-70.0
-70.486076
-71.0
-70.58886
-82.0
-72.871086
-70.0
-72.296875
-71.0
-72.037498
-70.0
-71.630005
-77.0
-72.704002
-70.0
-72.163208
-70.0
-71.730568
-72.0
-71.784454
-71.0
-71.627563
-70.0
-71.302055
-80.0
-73.041649
-70.0
-72.433319
-69.0
-71.746658
-71.0
-71.597328
-68.0
-70.877861
-71.0
-70.90229
-70.0
-70.721832
-70.0
-70.577469
-70.0
-70.461975
-70.0
-70.369583
-70.0
-70.29567
-71.0
-70.436539
-71.0
-70.549232
-71.0
-70.639389
-69.0
-68.666672
-68.0
-68.53334
-68.0
-68.426674
-69.0
-68.541344
-67.0
-68.233078
-80.0
-70.586464
-68.0
-70.069176
-68.0
-69.655342
-67.0
-69.124275
-68.0
-68.899422
-67.0
-68.519539
-68.0
-68.415634
-68.0
-68.332512
-67.0
-68.06601
-68.0
-68.052811
-68.0
-68.042252
-67.0
-67.833801
-69.0
-68.067039
-67.0
-67.85363
-67.0
-67.682907
-68.0
-67.74633
-67.0
-67.597061
-67.0
-67.477646
-68.0
-67.582115
-67.0
-67.465691
-68.0
-67.572556
-68.0
-67.658043
-71.0
-68.326431
-68.0
-68.261147
-68.0
-68.208916
-68.0
-68.167137
-67.0
-67.933708
-68.0
-67.946968
-68.0
-67.957573
-69.0
-68.166061
-68.0
-68.132851
-68.0
-68.106285
-69.0
-68.285027
-68.0
-68.22802
-68.0
-68.182419
-73.0
-69.145935
-68.0
-68.916748
-69.0
-68.933403
-68.0
-68.746727
-68.0
-68.597382
-68.0
-68.477905
-68.0
-68.382324
-71.0
-68.905861
-68.0
-68.724693
-69.0
-68.779755
-68.0
-72.283348
-72.0
-72.226677
-78.0
-73.38134
-72.0
-73.105072
-76.0
-73.684059
-78.0
-74.547249
-78.0
-75.237801
-77.0
-75.59024
-69.0
-74.272194
-72.0
-73.817757
-72.0
-73.454208
-69.0
-72.56337
-69.0
-71.8507
-73.0
-72.080559
-72.0
-72.064445
-78.0
-73.251556
-69.0
-72.401245
-69.0
-71.721001
-72.0
-71.776802
-78.0
-73.021446
-73.0
-73.017159
-73.0
-73.013725
-78.0
-74.010979
-77.0
-74.60878
-78.0
-75.287025
-73.0
-74.82962
-72.0
-74.263695
-72.0
-73.810959
-72.0
-73.448769
-72.0
-73.159012
-73.0
-73.127213
-69.0
-72.301773
-69.0
-71.641418
-72.0
-71.713135
-78.0
-72.970512
-77.0
-73.776413
-72.0
-73.421127
-72.0
-73.136902
-73.0
-73.10952
-71.0
-72.687614
-72.0
-72.550095
-78.0
-73.640076
-69.0
-72.712059
-77.0
-73.569649
-78.0
-74.455719
-77.0
-74.964577
-73.0
-74.571663
-72.0
-74.057327
-73.0
-73.845863
-72.0
-73.476692
-73.0
-73.676994
-71.0
-73.141594
-74.0
-73.313278
-75.0
-73.650627
-75.0
-73.920502
-75.0
-74.136406
-75.0
-74.309128
-69.0
-73.247307
-69.0
-72.39785
-73.0
-72.51828
-74.0
-72.814629
-70.0
-72.251709
-70.0
-71.801369
-70.0
-71.441101
-79.0
-72.952881
-80.0
-74.362305
-79.0
-75.289848
-80.0
-76.23188
-76.0
-76.185501
-77.0
-76.348404
-80.0
-77.078728
-76.0
-76.862984
-79.0
-77.29039
-74.0
-76.632317
-81.0
-77.505852
-74.0
-76.80468
-71.0
-75.643745
-81.0
-76.714996
-80.0
-77.372002
-75.0
-76.897606
-81.0
-77.718086
-75.0
-77.174469
-80.0
-77.739578
-74.0
-76.991661
-69.0
-75.393333
-70.0
-74.314667
-79.0
-75.251732
-75.0
-75.201385
-74.0
-74.961113
-81.0
-76.168892
-74.0
-75.735115
-81.0
-76.788094
-82.0
-77.830475
-75.0
-77.264381
-74.0
-76.611504
-74.0
-76.089203
-80.0
-76.871368
-81.0
-77.697098
-74.0
-76.95768
-80.0
-77.566147
-76.0
-76.538658
-68.0
-74.830925
-69.0
-73.664742
-73.0
-73.531792
-75.0
-73.825439
-74.0
-73.860352
-76.0
-74.288284
-75.0
-74.430634
-75.0
-74.54451
-75.0
-74.635612
-76.0
-74.908493
-76.0
-75.126793
-76.0
-75.301437
-77.0
-75.641151
-68.0
-74.112923
-77.0
-74.690338
-74.0
-74.552269
-75.0
-74.641815
-75.0
-74.713455
-76.0
-74.970764
-75.0
-74.976616
-77.0
-75.381294
-79.0
-76.105034
-75.0
-75.884033
-77.0
-76.107224
-76.0
-76.085777
-75.0
-75.868622
-75.0
-75.694901
-76.0
-75.75592
-75.0
-75.604736
-77.0
-75.883789
-77.0
-76.107033
-76.0
-76.085625
-75.0
-75.8685
-68.0
-74.2948
-75.0
-74.435844
-81.0
-75.748672
-78.0
-76.198936
-76.0
-76.159149
-75.0
-75.927322
-67.0
-74.141861
-75.0
-74.313492
-76.0
-74.650795
-75.0
-74.720642
-74.0
-74.576515
-68.0
-73.261215
-77.0
-74.008972
-68.0
-72.807182
-75.0
-73.24575
-67.0
-71.996597
-72.0
-70.282166
-71.0
-70.425735
-66.0
-69.540588
-71.0
-69.832474
-80.0
-71.865982
-67.0
-70.892784
-66.0
-69.91423
-72.0
-70.331383
-71.0
-70.465103
-71.0
-70.572083
-67.0
-69.857666
-72.0
-70.286133
-71.0
-70.428909
-71.0
-70.543129
-71.0
-70.634506
-67.0
-69.907608
-71.0
-70.126083
-67.0
-69.50087
-66.0
-68.800697
-72.0
-69.440559
-67.0
-68.952446
-68.0
-68.761955
-67.0
-68.409561
-67.0
-68.127647
-71.0
-68.702118
-77.0
-70.361694
-67.0
-69.689354
-77.0
-71.151482
-67.0
-70.321182
-67.0
-69.656944
-72.0
-70.125557
-79.0
-71.900444
-82.0
-73.920357
-67.0
-72.536285
-67.0
-71.429031
-67.0
-70.543228
-71.0
-70.634583
-67.0
-69.907669
-67.0
-69.326134
-66.0
-68.660904
-67.0
-68.32872
-72.0
-69.062973
-71.0
-69.450378
-66.0
-68.7603
-71.0
-69.208237
-67.0
-68.766586
-71.0
-69.213272
-66.0
-68.570618
-70.0
-68.856499
-72.0
-69.485199
-76.0
-73.548172
-75.0
-73.838539
-70.0
-73.070831
-75.0
-73.456665
-70.0
-72.765335
-76.0
-73.41227
-69.0
-72.529816
-74.0
-72.823853
-69.0
-72.059082
-74.0
-72.447266
-75.0
-72.957817
-70.0
-72.366257
-75.0
-72.893005
-76.0
-73.514404
-74.0
-73.611526
-70.0
-72.889221
-69.0
-72.111382
-75.0
-72.68911
-75.0
-73.151291
-69.0
-72.321037
-74.0
-72.65683
-79.0
-73.925468
-74.0
-73.940376
-70.0
-73.152306
-74.0
-73.321846
-70.0
-72.657478
-70.0
-72.125984
-69.0
-71.500786
-68.0
-70.800629
-69.0
-70.440506
-77.0
-71.752403
-75.0
-72.401924
-76.0
-73.121536
-75.0
-73.497231
-74.0
-73.597786
-75.0
-73.878235
-74.0
-73.902588
-74.0
-73.922073
-69.0
-72.93766
-69.0
-72.150131
-75.0
-72.720108
-69.0
-71.976089
-70.0
-71.580872
-69.0
-71.064697
-70.0
-70.851761
-69.0
-70.481407
-75.0
-71.385132
-68.0
-70.708107
-72.0
-70.966484
-75.0
-71.773193
-77.0
-75.684021
-77.0
-75.94722
-77.0
-76.157776
-65.0
-73.926224
-78.0
-74.740982
-83.0
-76.392784
-83.0
-77.714226
-82.0
-78.571381
-78.0
-78.457108
-83.0
-79.365685
-79.0
-79.292549
-66.0
-76.634041
-82.0
-77.70723
-78.0
-77.765785
-78.0
-77.81263
-66.0
-75.450104
-66.0
-73.560081
-78.0
-74.448067
-84.0
-76.358452
-65.0
-74.086761
-64.0
-72.069412
-83.0
-74.255531
-79.0
-75.20443
-65.0
-73.163544
-79.0
-74.330833
-83.0
-76.064667
-79.0
-76.651733
-79.0
-77.121391
-65.0
-74.697113
-79.0
-75.557693
-65.0
-73.446159
-82.0
-75.156929
-81.0
-76.325546
-79.0
-76.860435
-82.0
-77.888351
-79.0
-78.11068
-79.0
-78.288544
-82.0
-79.030838
-83.0
-79.824669
-65.0
-76.859741
-66.0
-74.68779
-81.0
-75.950233
-84.0
-77.560188
-84.0
-78.848152
-84.0
-79.878525
-66.0
-77.102821
-79.0
-77.482262
-78.0
-77.585808
-66.0
-75.268646
-79.0
-76.014915
-70.0
-74.565727
-77.0
-75.052582
-78.0
-75.642067
-71.0
-74.713654
-70.0
-73.770927
-79.0
-74.816742
-70.0
-73.853394
-71.0
-73.282715
-70.0
-72.626175
-76.0
-73.300941
-71.0
-72.840752
-71.0
-72.472603
-71.0
-72.178085
-81.0
-73.942467
-71.0
-73.353973
-71.0
-72.883179
-76.0
-73.506546
-72.0
-73.205238
-76.0
-73.764191
-76.0
-74.211349
-77.0
-74.769081
-71.0
-74.015266
-72.0
-73.612213
-72.0
-73.289772
-70.0
-72.631821
-75.0
-73.105461
-74.0
-73.28437
-72.0
-73.027496
-70.0
-72.421997
-79.0
-73.737602
-70.0
-72.990082
-77.0
-73.792068
-77.0
-74.433655
-78.0
-75.146927
-76.0
-75.317543
-70.0
-74.254036
-71.0
-73.603226
-76.0
-74.082581
-71.0
-73.466064
-69.0
-72.572853
-72.0
-72.458282
-71.0
-72.166626
-69.0
-71.533302
-79.0
-73.026642
-69.0
-72.221313
-77.0
-73.177048
-72.0
-72.941635
-76.0
-73.553307
-71.0
-73.042648
-78.0
-74.034119
-72.0
-70.546646
-72.0
-70.837318
-71.0
-70.869858
-71.0
-70.895889
-71.0
-70.91671
-71.0
-70.933365
-72.0
-71.14669
-71.0
-71.117355
-72.0
-71.293884
-70.0
-71.03511
-71.0
-71.028091
-72.0
-71.222473
-72.0
-71.377975
-71.0
-71.302383
-71.0
-71.241905
-70.0
-70.99353
-72.0
-71.194824
-72.0
-71.355858
-70.0
-71.084686
-71.0
-71.067749
-72.0
-71.254196
-72.0
-71.403358
-71.0
-71.322685
-65.0
-70.058151
-72.0
-70.446518
-66.0
-69.557213
-71.0
-69.845772
-72.0
-70.276619
-71.0
-70.421295
-71.0
-70.537033
-67.0
-69.829628
-71.0
-70.063705
-69.0
-69.850967
-72.0
-70.280777
-71.0
-70.424622
-66.0
-69.539696
-66.0
-68.831757
-72.0
-69.465408
-72.0
-69.972328
-71.0
-70.177864
-71.0
-70.342293
-65.0
-69.273834
-72.0
-69.819069
-71.0
-70.055252
-71.0
-70.244202
-72.0
-70.59536
-71.0
-70.676285
-71.0
-70.741028
-66.0
-69.792824
-65.0
-68.834259
-72.0
-74.66745
-72.0
-74.133957
-72.0
-73.707169
-71.0
-73.165733
-79.0
-74.332588
-71.0
-73.666069
-71.0
-73.132858
-79.0
-74.30629
-81.0
-75.645035
-71.0
-74.716026
-72.0
-74.172821
-82.0
-75.738258
-71.0
-74.790604
-82.0
-76.232483
-81.0
-77.185989
-83.0
-78.348793
-72.0
-77.079033
-81.0
-77.863228
-71.0
-76.490585
-71.0
-75.392471
-84.0
-77.113976
-72.0
-76.091179
-82.0
-77.272942
-72.0
-76.218353
-70.0
-74.974686
-70.0
-73.979752
-69.0
-72.983803
-83.0
-74.987045
-71.0
-74.189636
-71.0
-73.551712
-69.0
-72.641373
-78.0
-73.713097
-71.0
-73.170479
-79.0
-74.336388
-72.0
-73.86911
-69.0
-72.895287
-72.0
-72.716232
-80.0
-74.172989
-72.0
-73.738388
-80.0
-74.990715
-81.0
-76.192574
-72.0
-75.354057
-69.0
-74.083244
-80.0
-75.266602
-70.0
-74.213287
-70.0
-73.370636
-71.0
-72.896507
-79.0
-74.11721
-71.0
-73.493767
-71.0
-72.99501
-78.0
-77.907364
-80.0
-78.325897
-81.0
-78.860718
-68.0
-76.688576
-82.0
-77.750862
-67.0
-75.600693
-82.0
-76.880554
-66.0
-74.704445
-66.0
-72.963554
-77.0
-73.770844
-67.0
-72.416672
-77.0
-73.333336
-77.0
-74.066666
-77.0
-74.653336
-68.0
-73.32267
-82.0
-75.058136
-68.0
-73.646507
-76.0
-74.117203
-82.0
-75.693764
-81.0
-76.755013
-77.0
-76.804008
-77.0
-76.843208
-80.0
-77.474571
-80.0
-77.97966
-67.0
-75.78373
-80.0
-76.626984
-77.0
-76.701584
-67.0
-74.761269
-77.0
-75.209015
-77.0
-75.567215
-79.0
-76.253777
-81.0
-77.203018
-79.0
-77.562416
-79.0
-77.849937
-67.0
-75.679947
-78.0
-76.143959
-78.0
-76.515167
-67.0
-74.612137
-80.0
-75.689713
-78.0
-76.151772
-80.0
-76.921417
-79.0
-77.337135
-79.0
-77.669708
-79.0
-77.935768
-78.0
-77.948616
-80.0
-78.358894
-78.0
-78.287117
-79.0
-78.429695
-81.0
-78.943756
-79.0
-78.955009
-78.0
-77.959198
-77.0
-77.767357
-74.0
-77.013885
-74.0
-76.41111
-74.0
-75.928886
-73.0
-75.343109
-75.0
-75.27449
-74.0
-75.019592
-74.0
-74.815674
-74.0
-74.652542
-78.0
-75.322037
-75.0
-75.257629
-76.0
-75.406105
-78.0
-75.924889
-78.0
-76.339912
-76.0
-76.271927
-78.0
-76.617546
-75.0
-76.294037
-73.0
-75.635231
-73.0
-75.108185
-78.0
-75.686546
-74.0
-75.349236
-74.0
-75.079391
-76.0
-75.263512
-74.0
-75.010811
-74.0
-74.808647
-78.0
-75.446922
-78.0
-75.957542
-78.0
-76.366035
-74.0
-75.89283
-78.0
-76.314262
-74.0
-75.85141
-74.0
-75.481133
-77.0
-75.784904
-79.0
-76.427925
-74.0
-75.942345
-79.0
-76.553879
-74.0
-76.043106
-78.0
-76.434486
-74.0
-75.947594
-79.0
-76.558075
-80.0
-77.24646
-72.0
-76.197166
-72.0
-75.357735
-74.0
-75.086189
-72.0
-74.468948
-79.0
-75.37516
-79.0
-76.100128
-78.0
-76.480103
-74.0
-75.984085
-69.0
-71.678108
-81.0
-73.542488
-69.0
-72.633995
-67.0
-71.507195
-69.0
-71.00576
-69.0
-70.604607
-69.0
-70.283684
-82.0
-72.626945
-82.0
-74.501556
-69.0
-73.401245
-82.0
-75.120995
-69.0
-73.896797
-82.0
-75.517441
-82.0
-76.81395
-69.0
-75.25116
-82.0
-76.600929
-68.0
-74.880745
-68.0
-73.504601
-69.0
-72.603683
-68.0
-71.682945
-69.0
-71.146355
-68.0
-70.517082
-82.0
-72.813667
-69.0
-72.050934
-67.0
-71.040749
-82.0
-73.232597
-69.0
-72.386078
-69.0
-71.708862
-68.0
-70.967094
-80.0
-72.773682
-81.0
-74.418945
-69.0
-73.335159
-69.0
-72.468132
-80.0
-73.97451
-80.0
-75.179611
-67.0
-73.543686
-70.0
-72.834953
-82.0
-74.667961
-84.0
-76.53437
-70.0
-75.227501
-82.0
-76.582001
-67.0
-74.665604
-70.0
-73.732483
-69.0
-72.785988
-81.0
-74.428787
-80.0
-75.54303
-81.0
-76.634422
-67.0
-74.707535
-69.0
-73.566032
-67.0
-72.252823
