-38.0
-39.028736
-38.0
-38.82299
-38.0
-38.658394
-39.0
-38.726715
-39.0
-38.781372
-38.0
-38.625099
-37.0
-38.300079
-39.0
-38.440063
-39.0
-38.552052
-38.0
-38.441643
-39.0
-38.553314
-38.0
-38.44265
-38.0
-38.354118
-39.0
-38.483295
-39.0
-38.586636
-39.0
-38.669308
-39.0
-38.735447
-40.0
-38.988358
-38.0
-38.790688
-39.0
-38.83255
-39.0
-38.866039
-39.0
-38.892834
-39.0
-38.914268
-39.0
-38.931416
-39.0
-38.945133
-39.0
-38.956108
-40.0
-39.164886
-39.0
-39.131908
-38.0
-38.905525
-39.0
-38.924419
-39.0
-38.939537
-39.0
-38.95163
-39.0
-38.961304
-39.0
-38.969044
-38.0
-38.775234
-39.0
-38.820187
-39.0
-38.856152
-39.0
-38.884922
-38.0
-38.707939
-39.0
-38.766354
-39.0
-38.813084
-39.0
-38.850468
-39.0
-38.880375
-38.0
-38.7043
-39.0
-38.763439
-39.0
-38.810753
-39.0
-38.848602
-39.0
-38.878883
-39.0
-38.903107
-39.0
-38.922485
-44.0
-45.145878
-48.0
-45.716702
-47.0
-45.973362
-47.0
-46.178692
-48.0
-46.542953
-48.0
-46.834362
-44.0
-46.26749
-48.0
-46.613991
-48.0
-46.891193
-48.0
-47.112953
-47.0
-47.090366
-48.0
-47.272293
-47.0
-47.217838
-48.0
-47.374271
-48.0
-47.499416
-48.0
-47.599533
-44.0
-46.879627
-48.0
-47.103703
-48.0
-47.282963
-48.0
-47.426369
-48.0
-47.541096
-44.0
-46.832878
-48.0
-47.066303
-44.0
-46.453041
-48.0
-46.762432
-44.0
-46.209946
-48.0
-46.567955
-47.0
-46.654366
-48.0
-46.923492
-44.0
-46.338795
-44.0
-45.871037
-48.0
-46.296829
-48.0
-46.637463
-44.0
-46.10997
-48.0
-46.487976
-48.0
-46.790379
-48.0
-47.032303
-47.0
-47.025845
-48.0
-47.220676
-48.0
-47.376541
-48.0
-47.501232
-44.0
-46.800987
-48.0
-47.040791
-48.0
-47.232632
-48.0
-47.386105
-44.0
-46.708885
-48.0
-46.967106
-48.0
-47.173683
-47.0
-47.13895
-44.0
-46.511162
-47.0
-46.709263
-47.0
-46.767414
-45.0
-46.413933
-47.0
-46.531147
-47.0
-46.62492
-47.0
-46.69994
-47.0
-46.759953
-44.0
-46.207962
-47.0
-46.366371
-47.0
-46.493099
-47.0
-46.594482
-47.0
-46.675587
-47.0
-46.740471
-47.0
-46.792377
-47.0
-46.833904
-47.0
-46.867126
-47.0
-46.893703
-47.0
-46.914967
-47.0
-46.931976
-45.0
-46.545582
-47.0
-46.636467
-47.0
-46.709175
-47.0
-46.767342
-44.0
-46.213875
-48.0
-46.571098
-47.0
-46.656879
-44.0
-46.125504
-45.0
-45.900402
-48.0
-46.32032
-47.0
-46.456257
-45.0
-46.165005
-47.0
-46.332005
-47.0
-46.465607
-48.0
-46.772484
-48.0
-47.017986
-47.0
-47.014393
-45.0
-46.611515
-45.0
-46.289211
-48.0
-46.631367
-48.0
-46.905094
-45.0
-46.524075
-45.0
-46.219261
-48.0
-46.575409
-48.0
-46.860325
-45.0
-46.488262
-48.0
-46.790607
-48.0
-47.032486
-48.0
-47.225986
-48.0
-47.380787
-45.0
-46.904629
-45.0
-44.746014
-45.0
-44.79681
-43.0
-44.437447
-45.0
-44.549957
-43.0
-44.239964
-45.0
-44.391972
-45.0
-44.513577
-43.0
-44.210861
-45.0
-44.36869
-43.0
-44.094952
-43.0
-43.875961
-45.0
-44.100769
-45.0
-44.280617
-45.0
-44.424496
-45.0
-44.539597
-43.0
-44.231678
-45.0
-44.385342
-45.0
-44.508274
-43.0
-44.206619
-43.0
-43.965294
-45.0
-44.172237
-45.0
-44.337791
-45.0
-44.470234
-44.0
-44.376186
-45.0
-44.50095
-45.0
-44.600761
-45.0
-44.680611
-44.0
-44.544487
-43.0
-44.235588
-45.0
-44.38847
-45.0
-44.510777
-45.0
-44.608624
-45.0
-44.686901
-43.0
-44.349522
-45.0
-44.479618
-45.0
-44.583694
-45.0
-44.666958
-43.0
-44.333565
-45.0
-44.466854
-43.0
-44.173481
-43.0
-43.938786
-45.0
-44.151028
-45.0
-44.320824
-43.0
-44.05666
-45.0
-44.245327
-43.0
-43.996262
-45.0
-44.19701
-45.0
-44.357609
-45.0
-44.486088
-45.0
-44.588871
-43.0
-43.842621
-44.0
-43.874096
-44.0
-43.899277
-44.0
-43.919422
-44.0
-43.935539
-44.0
-43.948433
-44.0
-43.958748
-44.0
-43.966999
-43.0
-43.773598
-43.0
-43.618877
-44.0
-43.695103
-44.0
-43.756081
-43.0
-43.604862
-44.0
-43.683891
-44.0
-43.747112
-44.0
-43.797691
-44.0
-43.838154
-44.0
-43.870522
-44.0
-43.896416
-44.0
-43.917133
-44.0
-43.933708
-44.0
-43.946968
-44.0
-43.957573
-44.0
-43.966057
-44.0
-43.972847
-44.0
-43.978279
-44.0
-43.982624
-44.0
-43.986099
-44.0
-43.98888
-44.0
-43.991104
-44.0
-43.992882
-45.0
-44.194305
-43.0
-43.955444
-44.0
-43.964355
-44.0
-43.971485
-44.0
-43.977188
-44.0
-43.98175
-44.0
-43.985401
-44.0
-43.988319
-45.0
-44.190655
-44.0
-44.152523
-44.0
-44.122017
-44.0
-44.097614
-44.0
-44.078091
-44.0
-44.062473
-44.0
-44.04998
-44.0
-44.039986
-44.0
-44.03199
-44.0
-44.025593
-44.0
-44.020473
-46.0
-45.849045
-47.0
-46.079239
-46.0
-46.063393
-46.0
-46.050716
-46.0
-46.040573
-46.0
-46.032459
-44.0
-45.625969
-44.0
-45.300774
-46.0
-45.44062
-46.0
-45.552498
-46.0
-45.641998
-44.0
-45.313599
-46.0
-45.450882
-46.0
-45.560707
-47.0
-45.848568
-44.0
-45.478855
-46.0
-45.583084
-46.0
-45.66647
-46.0
-45.733177
-44.0
-45.386543
-46.0
-45.509235
-46.0
-45.607391
-44.0
-45.285912
-44.0
-45.028728
-46.0
-45.222984
-46.0
-45.378387
-46.0
-45.502712
-44.0
-45.202171
-46.0
-45.36174
-46.0
-45.489395
-46.0
-45.591518
-46.0
-45.673218
-46.0
-45.738575
-44.0
-45.390862
-46.0
-45.512691
-46.0
-45.610153
-46.0
-45.688126
-46.0
-45.750504
-46.0
-45.800404
-46.0
-45.840324
-46.0
-45.872261
-44.0
-45.49781
-46.0
-45.598251
-46.0
-45.678604
-46.0
-45.742886
-46.0
-45.794312
-46.0
-45.835449
-46.0
-45.868362
-44.0
-45.49469
-44.0
-45.195751
-46.0
-47.773884
-49.0
-48.019108
-49.0
-48.215286
-46.0
-47.772232
-49.0
-48.017784
-49.0
-48.214226
-49.0
-48.37138
-46.0
-47.897106
-49.0
-48.117683
-46.0
-47.694149
-46.0
-47.35532
-46.0
-47.084259
-46.0
-46.867409
-49.0
-47.293926
-49.0
-47.635139
-49.0
-47.908112
-46.0
-47.526489
-49.0
-47.82119
-46.0
-47.456955
-46.0
-47.165565
-46.0
-46.932453
-46.0
-46.745964
-49.0
-47.19677
-49.0
-47.557415
-49.0
-47.845932
-46.0
-47.476746
-49.0
-47.781395
-47.0
-47.625118
-46.0
-47.300095
-49.0
-47.640076
-46.0
-47.312061
-46.0
-47.049652
-49.0
-47.43972
-49.0
-47.751778
-49.0
-48.001423
-49.0
-48.201138
-49.0
-48.360909
-49.0
-48.488728
-49.0
-48.590981
-49.0
-48.672783
-49.0
-48.738228
-49.0
-48.790581
-46.0
-48.232468
-46.0
-47.785976
-49.0
-48.028782
-46.0
-47.623028
-50.0
-48.098423
-49.0
-48.27874
-49.0
-48.422993
-49.0
-48.538395
-49.0
-49.018597
-49.0
-49.014877
-49.0
-49.011902
-50.0
-49.209522
-47.0
-48.76762
-48.0
-48.614094
-49.0
-48.691277
-50.0
-48.953022
-49.0
-48.962418
-48.0
-48.769932
-48.0
-48.615944
-50.0
-48.892757
-49.0
-48.914207
-49.0
-48.931366
-50.0
-49.145092
-50.0
-49.316074
-50.0
-49.452862
-46.0
-48.762291
-47.0
-48.409836
-50.0
-48.727871
-49.0
-48.782295
-50.0
-49.025837
-50.0
-49.220669
-50.0
-49.376537
-50.0
-49.501232
-48.0
-49.200985
-47.0
-48.760792
-50.0
-49.008633
-49.0
-49.006905
-47.0
-48.605526
-47.0
-48.284424
-50.0
-48.627541
-47.0
-48.302036
-49.0
-48.441628
-47.0
-48.153305
-47.0
-47.922646
-49.0
-48.138115
-49.0
-48.310493
-47.0
-48.048397
-48.0
-48.038715
-46.0
-47.630974
-50.0
-48.104778
-47.0
-47.883823
-47.0
-47.707062
-47.0
-47.565651
-49.0
-47.85252
-47.0
-47.682018
-47.0
-47.545616
-50.0
-48.036495
-50.0
-48.429195
-50.0
-49.959824
-50.0
-49.967861
-47.0
-49.37429
-50.0
-49.499432
-50.0
-49.599545
-50.0
-49.679638
-50.0
-49.74371
-48.0
-49.394966
-50.0
-49.515972
-50.0
-49.612778
-50.0
-49.690224
-50.0
-49.752178
-50.0
-49.801743
-50.0
-49.841396
-47.0
-49.273121
-50.0
-49.418499
-50.0
-49.534801
-48.0
-49.22784
-50.0
-49.382275
-50.0
-49.505821
-48.0
-49.204655
-46.0
-48.563725
-48.0
-48.450977
-50.0
-48.760784
-50.0
-49.008629
-50.0
-49.206905
-48.0
-48.965523
-50.0
-49.172421
-50.0
-49.337936
-50.0
-49.470348
-47.0
-48.97628
-50.0
-49.181026
-50.0
-49.344822
-50.0
-49.475857
-50.0
-49.580685
-50.0
-49.664547
-50.0
-49.73164
-48.0
-49.385311
-50.0
-49.508251
-48.0
-49.2066
-49.0
-49.165279
-49.0
-49.132225
-50.0
-49.305782
-48.0
-49.044624
-48.0
-48.835697
-50.0
-49.068558
-50.0
-49.254848
-50.0
-49.403881
-50.0
-49.523106
-50.0
-49.618484
-49.0
-51.177505
-49.0
-50.742004
-54.0
-51.393604
-53.0
-51.714882
-53.0
-51.971905
-49.0
-51.377525
-53.0
-51.702019
-49.0
-51.161613
-49.0
-50.72929
-53.0
-51.18343
-53.0
-51.546741
-49.0
-51.037392
-53.0
-51.429913
-53.0
-51.743931
-53.0
-51.995144
-53.0
-52.196114
-53.0
-52.356892
-53.0
-52.485512
-49.0
-51.78841
-53.0
-52.030727
-53.0
-52.224583
-53.0
-52.379665
-53.0
-52.503731
-49.0
-51.802986
-53.0
-52.042389
-53.0
-52.23391
-49.0
-51.587128
-53.0
-51.869701
-53.0
-52.09576
-53.0
-52.276608
-53.0
-52.421284
-53.0
-52.537025
-49.0
-51.82962
-53.0
-52.063694
-50.0
-51.650955
-53.0
-51.920765
-53.0
-52.136612
-53.0
-52.309288
-49.0
-51.64743
-49.0
-51.117943
-53.0
-51.494354
-53.0
-51.795483
-53.0
-52.036385
-49.0
-51.429108
-53.0
-51.743286
-53.0
-51.994629
-53.0
-52.195702
-53.0
-52.35656
-49.0
-51.685249
-53.0
-51.9482
-52.0
-51.279881
-52.0
-51.423908
-52.0
-51.539127
-52.0
-51.631306
-52.0
-51.705048
-52.0
-51.764042
-52.0
-51.811237
-52.0
-51.848991
-52.0
-51.879196
-52.0
-51.903358
-52.0
-51.922688
-52.0
-51.938152
-53.0
-52.15052
-53.0
-52.320415
-52.0
-52.256336
-52.0
-52.20507
-52.0
-52.164059
-52.0
-52.131248
-52.0
-52.105
-53.0
-52.284
-52.0
-52.227203
-52.0
-52.181767
-53.0
-52.345413
-52.0
-52.276333
-52.0
-52.221069
-52.0
-52.176857
-52.0
-52.141487
-52.0
-52.113194
-52.0
-52.090557
-52.0
-52.072449
-52.0
-52.057961
-52.0
-52.046371
-52.0
-52.037098
-52.0
-52.029682
-52.0
-52.023746
-53.0
-52.218998
-52.0
-52.175201
-52.0
-52.140163
-52.0
-52.112133
-52.0
-52.08971
-52.0
-52.07177
-52.0
-52.057419
-52.0
-52.045937
-52.0
-52.036751
-53.0
-52.229401
-52.0
-52.183521
-52.0
-52.14682
-52.0
-52.117458
-53.0
-52.293964
-52.0
-52.235172
-53.0
-52.188526
-51.0
-51.950821
-53.0
-52.160656
-53.0
-52.328526
-51.0
-52.06282
-51.0
-51.850258
-53.0
-52.080204
-53.0
-52.264164
-53.0
-52.411331
-53.0
-52.529064
-51.0
-52.223251
-53.0
-52.378601
-54.0
-52.702881
-51.0
-52.362305
-51.0
-52.089844
-53.0
-52.271873
-51.0
-52.017502
-53.0
-52.214001
-51.0
-51.971203
-53.0
-52.17696
-53.0
-52.341568
-53.0
-52.473255
-53.0
-52.578602
-53.0
-52.66288
-53.0
-52.730305
-51.0
-52.384247
-51.0
-52.107399
-53.0
-52.285919
-53.0
-52.428734
-53.0
-52.542988
-53.0
-52.634388
-53.0
-52.707508
-53.0
-52.766006
-53.0
-52.812805
-51.0
-52.450245
-53.0
-52.560196
-51.0
-52.248158
-54.0
-52.598526
-53.0
-52.678822
-53.0
-52.743057
-50.0
-52.194447
-54.0
-52.555557
-51.0
-52.244446
-53.0
-52.395557
-54.0
-52.716446
-53.0
-52.773155
-53.0
-52.818523
-53.0
-52.854816
-50.0
-52.283855
-53.0
-52.427082
-55.0
-54.093258
-51.0
-53.474609
-52.0
-53.179691
-52.0
-52.943756
-55.0
-53.355007
-55.0
-53.684006
-52.0
-53.347206
-52.0
-53.077766
-55.0
-53.462215
-55.0
-53.769772
-55.0
-54.01582
-52.0
-53.612659
-52.0
-53.290131
-55.0
-53.632107
-55.0
-53.905685
-55.0
-54.12455
-55.0
-54.299641
-55.0
-54.439713
-52.0
-53.951771
-55.0
-54.161419
-54.0
-54.129135
-55.0
-54.30331
-55.0
-54.44265
-52.0
-53.954121
-55.0
-54.163296
-55.0
-54.330639
-55.0
-54.464512
-55.0
-54.571609
-55.0
-54.657288
-55.0
-54.72583
-55.0
-54.780666
-52.0
-54.224537
-55.0
-54.379631
-52.0
-53.903706
-55.0
-54.122967
-52.0
-53.698376
-52.0
-53.358704
-52.0
-53.086964
-55.0
-53.46957
-52.0
-53.175659
-55.0
-53.540527
-55.0
-53.832424
-52.0
-53.465942
-55.0
-53.772755
-55.0
-54.018204
-52.0
-53.614567
-55.0
-53.891655
-55.0
-54.113323
-55.0
-54.290661
-55.0
-54.432529
-55.0
-55.021088
-55.0
-55.016872
-55.0
-55.0135
-55.0
-55.010799
-55.0
-55.00864
-54.0
-54.806911
-55.0
-54.845531
-55.0
-54.876427
-55.0
-54.901142
-55.0
-54.920914
-54.0
-54.736732
-55.0
-54.789387
-55.0
-54.831509
-55.0
-54.865208
-51.0
-54.092167
-55.0
-54.273735
-54.0
-54.218987
-55.0
-54.375191
-55.0
-54.500153
-55.0
-54.600124
-55.0
-54.680099
-55.0
-54.74408
-55.0
-54.795265
-55.0
-54.836212
-55.0
-54.868969
-55.0
-54.895176
-55.0
-54.916142
-55.0
-54.932915
-55.0
-54.946331
-55.0
-54.957066
-55.0
-54.965652
-55.0
-54.972523
-55.0
-54.97802
-55.0
-54.982418
-55.0
-54.985935
-55.0
-54.98875
-55.0
-54.991001
-55.0
-54.992802
-55.0
-54.994244
-55.0
-54.995396
-55.0
-54.996319
-55.0
-54.997055
-55.0
-54.997646
-55.0
-54.998119
-55.0
-54.998497
-55.0
-54.998798
-55.0
-54.999039
-55.0
-54.999233
-55.0
-54.999386
-55.0
-54.999508
-56.0
-54.96611
-55.0
-54.972889
-55.0
-54.978313
-56.0
-55.182652
-55.0
-55.146122
-55.0
-55.116898
-55.0
-55.093517
-54.0
-54.874813
-54.0
-54.699852
-54.0
-54.559883
-54.0
-54.447906
-54.0
-54.358326
-56.0
-54.686661
-55.0
-54.749329
-55.0
-54.799465
-54.0
-54.639572
-55.0
-54.711658
-54.0
-54.569328
-54.0
-54.455463
-54.0
-54.364372
-56.0
-54.691498
-54.0
-54.5532
-54.0
-54.442558
-54.0
-54.354046
-55.0
-54.483238
-54.0
-54.386589
-54.0
-54.309273
-54.0
-54.247417
-54.0
-54.197933
-55.0
-54.358349
-54.0
-54.286678
-54.0
-54.229343
-54.0
-54.183475
-54.0
-54.146782
-55.0
-54.317425
-56.0
-54.653942
-56.0
-54.923157
-54.0
-54.738525
-55.0
-54.790821
-55.0
-54.832657
-54.0
-54.666126
-55.0
-54.732903
-54.0
-54.586323
-54.0
-54.469059
-54.0
-54.375248
-54.0
-54.300198
-56.0
-54.64016
-54.0
-54.512127
-54.0
-54.409702
-54.0
-54.327763
-58.0
-56.520916
-55.0
-56.216732
-58.0
-56.573383
-57.0
-56.65871
-57.0
-56.726971
-57.0
-56.781578
-57.0
-56.825264
-57.0
-56.860214
-58.0
-57.088169
-55.0
-56.670536
-57.0
-56.736431
-57.0
-56.789146
-58.0
-57.031315
-55.0
-56.625053
-56.0
-56.500046
-55.0
-56.200039
-57.0
-56.360035
-57.0
-56.488029
-56.0
-56.390427
-58.0
-56.712341
-55.0
-56.369873
-57.0
-56.495899
-55.0
-56.19672
-57.0
-56.35738
-58.0
-56.685902
-55.0
-56.348721
-57.0
-56.478977
-55.0
-56.183182
-55.0
-55.946545
-57.0
-56.157238
-58.0
-56.525791
-57.0
-56.620636
-58.0
-56.896507
-57.0
-56.91721
-55.0
-56.533768
-58.0
-56.827015
-58.0
-57.061611
-57.0
-57.04929
-56.0
-56.839432
-56.0
-56.671547
-57.0
-56.73724
-57.0
-56.789795
-58.0
-57.031834
-57.0
-57.025471
-57.0
-57.020378
-57.0
-57.016304
-56.0
-56.813046
-57.0
-56.850437
-58.0
-57.080349
-56.0
-56.864281
-58.0
-60.23177
-58.0
-59.785416
-64.0
-60.628334
-58.0
-60.102665
-63.0
-60.682133
-62.0
-60.945709
-58.0
-60.356567
-59.0
-60.085255
-63.0
-60.668201
-63.0
-61.13456
-58.0
-60.507648
-58.0
-60.006119
-58.0
-59.604893
-62.0
-60.083916
-62.0
-60.467136
-63.0
-60.973709
-58.0
-60.378967
-63.0
-60.903172
-59.0
-60.522537
-63.0
-61.018028
-58.0
-60.414421
-63.0
-60.931538
-58.0
-60.34523
-58.0
-59.876183
-58.0
-59.500946
-58.0
-59.200756
-62.0
-59.760609
-63.0
-60.408485
-63.0
-60.926788
-63.0
-61.341431
-58.0
-60.673145
-62.0
-60.938519
-58.0
-60.350815
-63.0
-60.88065
-62.0
-61.104523
-63.0
-61.483616
-63.0
-61.786892
-63.0
-62.029514
-63.0
-62.22361
-63.0
-62.378887
-63.0
-62.503109
-58.0
-61.602486
-58.0
-60.881989
-58.0
-60.305592
-63.0
-60.844471
-62.0
-61.075581
-63.0
-61.460464
-63.0
-61.768372
-58.0
-61.014698
-63.0
-61.411758
-60.0
-59.838917
-59.0
-59.671135
-60.0
-59.736908
-59.0
-59.589527
-59.0
-59.471622
-59.0
-59.377296
-58.0
-59.101837
-58.0
-58.88147
-58.0
-58.705173
-58.0
-58.564137
-58.0
-58.451309
-58.0
-58.361046
-59.0
-58.488838
-59.0
-58.591072
-59.0
-58.672859
-58.0
-58.538288
-59.0
-58.63063
-59.0
-58.704506
-60.0
-58.963604
-59.0
-58.970882
-59.0
-58.976707
-60.0
-59.181366
-59.0
-59.145092
-59.0
-59.116074
-59.0
-59.092857
-59.0
-59.074287
-58.0
-58.859428
-59.0
-58.887543
-60.0
-59.110035
-59.0
-59.088028
-59.0
-59.070423
-59.0
-59.056339
-58.0
-58.84507
-58.0
-58.676056
-59.0
-58.740845
-60.0
-58.992676
-60.0
-59.194141
-58.0
-58.955311
-58.0
-58.764248
-58.0
-58.611397
-59.0
-58.689117
-59.0
-58.751293
-58.0
-58.601032
-58.0
-58.480824
-58.0
-58.384659
-58.0
-58.307728
-58.0
-58.246181
-59.0
-58.396946
-58.0
-58.317554
-59.0
-58.454044
-60.0
-62.010845
-66.0
-62.808678
-66.0
-63.446945
-61.0
-62.957558
-66.0
-63.566048
-61.0
-63.052841
-61.0
-62.642273
-61.0
-62.31382
-65.0
-62.851055
-59.0
-62.080845
-65.0
-62.664677
-65.0
-63.131741
-61.0
-62.705395
-65.0
-63.164318
-65.0
-63.531456
-65.0
-63.825165
-61.0
-63.260132
-61.0
-62.808105
-61.0
-62.446487
-61.0
-62.157192
-65.0
-62.725754
-65.0
-63.180603
-59.0
-62.344482
-65.0
-62.875587
-65.0
-63.300472
-65.0
-63.640377
-65.0
-63.912304
-65.0
-64.129845
-61.0
-63.503876
-65.0
-63.803101
-65.0
-64.04248
-65.0
-64.233986
-65.0
-64.387192
-65.0
-64.509758
-65.0
-64.607811
-66.0
-64.886246
-60.0
-63.908997
-65.0
-64.127197
-65.0
-64.301758
-61.0
-63.641407
-66.0
-64.113129
-60.0
-63.290504
-66.0
-63.832405
-65.0
-64.065926
-59.0
-63.052742
-60.0
-62.442196
-66.0
-63.153759
-66.0
-63.723007
-65.0
-63.978405
-66.0
-64.382721
-57.0
-62.330627
-66.0
-63.064503
-61.0
-62.651604
-61.0
-62.321285
-61.0
-62.05703
-61.0
-61.845627
-65.0
-62.476501
-61.0
-62.181202
-61.0
-61.944962
-61.0
-61.75597
-62.0
-61.804779
-62.0
-61.843826
-65.0
-62.475063
-62.0
-62.380054
-67.0
-63.304047
-66.0
-63.843239
-61.0
-63.274593
-66.0
-63.819675
-61.0
-63.255741
-66.0
-63.804596
-61.0
-63.243679
-65.0
-63.594944
-66.0
-64.075958
-61.0
-63.46077
-61.0
-62.968616
-61.0
-62.574894
-61.0
-62.259918
-65.0
-62.807934
-61.0
-62.44635
-61.0
-62.157082
-65.0
-62.725666
-61.0
-62.380535
-61.0
-62.104431
-61.0
-61.883545
-61.0
-61.706837
-61.0
-61.565472
-61.0
-61.452377
-58.0
-60.761902
-61.0
-60.809525
-61.0
-60.847622
-61.0
-60.878098
-66.0
-61.902481
-66.0
-62.721985
-61.0
-62.37759
-66.0
-63.102074
-61.0
-62.68166
-66.0
-63.345329
-61.0
-62.876266
-61.0
-62.501015
-61.0
-62.200813
-59.0
-61.164352
-59.0
-60.731483
-58.0
-60.185184
-59.0
-59.948147
-60.0
-59.958519
-59.0
-59.766815
-59.0
-59.613453
-59.0
-59.490761
-61.0
-59.79261
-59.0
-59.634087
-60.0
-59.707272
-58.0
-59.365818
-68.0
-61.092655
-59.0
-60.674126
-59.0
-60.339302
-59.0
-60.071442
-59.0
-59.857155
-58.0
-59.485722
-60.0
-59.588577
-59.0
-59.470863
-61.0
-59.776691
-68.0
-61.421352
-59.0
-60.93708
-59.0
-60.549664
-59.0
-60.239731
-59.0
-59.991783
-59.0
-59.793427
-61.0
-60.034744
-60.0
-60.027798
-61.0
-60.22224
-61.0
-60.377792
-60.0
-60.302235
-61.0
-60.441788
-59.0
-60.153431
-59.0
-59.922745
-60.0
-59.938198
-61.0
-60.150558
-61.0
-60.32045
-59.0
-60.056358
-59.0
-59.845085
-59.0
-59.676067
-59.0
-59.540855
-60.0
-59.632687
-59.0
-59.506149
-61.0
-59.80492
-59.0
-59.643936
-61.0
-59.91515
-59.0
-59.732121
-59.0
-59.585697
-68.0
-61.268559
-67.0
-65.314903
-68.0
-65.851921
-57.0
-64.081535
-68.0
-64.865227
-67.0
-65.292183
-57.0
-63.633747
-68.0
-64.506996
-67.0
-65.0056
-67.0
-65.40448
-67.0
-65.723587
-68.0
-66.178871
-68.0
-66.543098
-68.0
-66.83448
-68.0
-67.067589
-68.0
-67.254074
-67.0
-67.203262
-68.0
-67.36261
-57.0
-65.290085
-57.0
-63.632069
-57.0
-62.305656
-57.0
-61.244526
-68.0
-62.595619
-57.0
-61.476498
-68.0
-62.781197
-67.0
-63.624958
-67.0
-64.299965
-67.0
-64.839973
-67.0
-65.27198
-68.0
-65.817589
-68.0
-66.254074
-57.0
-64.403259
-67.0
-64.922607
-57.0
-63.338089
-67.0
-64.070473
-57.0
-62.65638
-68.0
-63.725101
-67.0
-64.380081
-68.0
-65.104065
-67.0
-65.483253
-57.0
-63.786606
-68.0
-64.629288
-68.0
-65.303429
-57.0
-63.642746
-57.0
-62.314198
-80.0
-65.851364
-57.0
-64.081093
-57.0
-62.664875
-68.0
-63.731899
-57.0
-62.385521
-57.0
-61.308418
-75.0
-74.891457
-74.0
-74.713165
-74.0
-74.570534
-77.0
-75.056427
-78.0
-75.645142
-76.0
-75.71611
-65.0
-73.572891
-78.0
-74.458313
-64.0
-72.366653
-77.0
-73.29332
-77.0
-74.034653
-77.0
-74.627724
-77.0
-75.10218
-65.0
-73.081749
-77.0
-73.865402
-78.0
-74.692322
-78.0
-75.353859
-63.0
-72.883087
-78.0
-73.906471
-65.0
-72.125183
-65.0
-70.70015
-65.0
-69.56012
-65.0
-68.648102
-77.0
-70.318481
-78.0
-71.85479
-64.0
-70.283836
-65.0
-69.227074
-65.0
-68.38166
-65.0
-67.70533
-78.0
-69.764267
-78.0
-71.411415
-77.0
-72.529129
-78.0
-73.623306
-77.0
-74.298645
-77.0
-74.838913
-65.0
-72.871132
-77.0
-73.696907
-77.0
-74.357529
-62.0
-71.886024
-78.0
-73.108818
-76.0
-73.687057
-65.0
-71.949646
-65.0
-70.559723
-77.0
-71.847778
-64.0
-70.278221
-64.0
-69.022575
-77.0
-70.618057
-78.0
-72.094444
-76.0
-72.875557
-64.0
-71.100449
-72.0
-68.913918
-74.0
-69.931137
-69.0
-69.744911
-73.0
-70.395927
-73.0
-70.91674
-62.0
-69.133392
-73.0
-69.906715
-70.0
-69.925377
-70.0
-69.940308
-75.0
-70.952248
-75.0
-71.761803
-73.0
-72.009445
-74.0
-72.407555
-70.0
-71.926048
-62.0
-69.940842
-74.0
-70.752678
-69.0
-70.402145
-70.0
-70.321716
-74.0
-71.057373
-73.0
-71.4459
-70.0
-71.156723
-70.0
-70.925385
-73.0
-71.340309
-62.0
-69.472244
-69.0
-69.3778
-70.0
-69.502243
-70.0
-69.601799
-74.0
-70.481438
-74.0
-71.18515
-74.0
-71.748123
-70.0
-71.398499
-69.0
-70.9188
-73.0
-71.335045
-70.0
-71.068039
-69.0
-70.654434
-70.0
-70.523552
-69.0
-70.218842
-69.0
-69.975075
-70.0
-69.980064
-70.0
-69.984055
-69.0
-69.787247
-69.0
-69.629799
-70.0
-69.703842
-69.0
-69.563072
-73.0
-70.250458
-69.0
-70.000366
-69.0
-69.800293
-62.0
-68.240234
-74.0
-69.392189
-73.0
-70.113754
-68.0
-68.205925
-69.0
-68.364738
-67.0
-68.091789
-69.0
-68.27343
-69.0
-68.418747
-68.0
-68.334999
-69.0
-68.468002
-69.0
-68.574402
-69.0
-68.659523
-68.0
-68.527618
-69.0
-68.622093
-68.0
-68.497673
-68.0
-68.39814
-69.0
-68.518517
-69.0
-68.614815
-68.0
-68.491852
-69.0
-68.593483
-69.0
-68.674789
-67.0
-68.339828
-69.0
-68.471863
-68.0
-68.377495
-69.0
-68.501999
-68.0
-68.401604
-69.0
-68.521286
-61.0
-67.017029
-68.0
-67.213623
-68.0
-67.370903
-68.0
-67.496727
-69.0
-67.797386
-82.0
-70.637909
-68.0
-70.110329
-68.0
-69.688263
-68.0
-69.350609
-68.0
-69.08049
-68.0
-68.864395
-69.0
-68.891518
-69.0
-68.913216
-69.0
-68.930573
-69.0
-68.944458
-67.0
-68.555565
-69.0
-68.644455
-68.0
-68.515564
-61.0
-67.012451
-68.0
-67.209961
-68.0
-67.367973
-69.0
-67.694382
-68.0
-67.755508
-68.0
-67.804405
-69.0
-68.043526
-69.0
-68.234825
-65.0
-65.559151
-66.0
-65.647324
-67.0
-65.917862
-66.0
-65.934288
-67.0
-66.14743
-66.0
-66.117943
-66.0
-66.094353
-66.0
-66.075485
-66.0
-66.060387
-61.0
-65.048309
-66.0
-65.238647
-66.0
-65.390915
-61.0
-64.512733
-66.0
-64.810188
-66.0
-65.048149
-66.0
-65.238518
-61.0
-64.390816
-66.0
-64.712654
-61.0
-63.970123
-67.0
-64.576096
-66.0
-64.860878
-66.0
-65.088699
-64.0
-64.870964
-66.0
-65.096771
-65.0
-65.077423
-66.0
-65.26194
-61.0
-64.409554
-66.0
-64.727646
-66.0
-64.982117
-66.0
-65.185692
-66.0
-65.348557
-66.0
-65.478844
-66.0
-65.583076
-66.0
-65.666458
-61.0
-64.73317
-66.0
-64.986534
-61.0
-64.189224
-66.0
-64.551376
-61.0
-63.841103
-66.0
-64.272881
-66.0
-64.618301
-66.0
-64.894638
-66.0
-65.115707
-67.0
-65.492569
-67.0
-65.794052
-66.0
-65.835243
-62.0
-65.068192
-66.0
-65.254555
-66.0
-65.403641
-66.0
-65.522911
-65.0
-64.649323
-75.0
-66.71946
-64.0
-66.175568
-64.0
-65.740456
-64.0
-65.392365
-64.0
-65.113892
-77.0
-67.491112
-65.0
-66.992889
-65.0
-66.594315
-64.0
-66.075455
-65.0
-65.860367
-65.0
-65.688293
-65.0
-65.550636
-65.0
-65.440514
-64.0
-65.152412
-65.0
-65.121933
-65.0
-65.097549
-64.0
-64.878044
-67.0
-65.302437
-64.0
-65.041954
-64.0
-64.833565
-64.0
-64.666855
-64.0
-64.533485
-65.0
-64.626793
-65.0
-64.701439
-64.0
-64.56115
-64.0
-64.448921
-64.0
-64.359138
-65.0
-64.487312
-68.0
-65.18985
-64.0
-64.951881
-67.0
-65.361504
-64.0
-65.089203
-65.0
-65.071365
-65.0
-65.057098
-65.0
-65.045685
-65.0
-65.036552
-65.0
-65.029243
-64.0
-64.823395
-64.0
-64.658714
-64.0
-64.52697
-64.0
-64.421577
-65.0
-64.537262
-64.0
-64.42981
-64.0
-64.343849
-65.0
-64.475082
-64.0
-64.380066
-64.0
-64.304054
-64.0
-64.243248
-64.0
-64.194603
-79.0
-78.456505
-84.0
-79.565208
-79.0
-79.452171
-82.0
-79.961739
-81.0
-80.169388
-81.0
-80.33551
-81.0
-80.468407
-89.0
-82.174728
-88.0
-83.339783
-81.0
-82.871826
-86.0
-83.497459
-86.0
-83.997963
-82.0
-83.598373
-81.0
-83.078697
-88.0
-84.062958
-81.0
-83.450363
-88.0
-84.360291
-87.0
-84.888237
-81.0
-84.110588
-81.0
-83.488472
-82.0
-83.190781
-88.0
-84.152626
-80.0
-83.322105
-86.0
-83.857681
-80.0
-83.086143
-86.0
-83.668915
-88.0
-84.535133
-82.0
-84.028107
-79.0
-83.022491
-87.0
-83.817993
-79.0
-82.854401
-86.0
-83.483521
-88.0
-84.386818
-80.0
-83.509453
-81.0
-83.007561
-81.0
-82.606049
-81.0
-82.284836
-81.0
-82.02787
-88.0
-83.222298
-82.0
-82.977844
-82.0
-82.78228
-86.0
-83.425819
-80.0
-82.740654
-91.0
-84.392525
-81.0
-83.71402
-80.0
-82.971214
-82.0
-82.776978
-79.0
-82.021584
-78.0
-81.21727
-80.0
-80.973816
-75.0
-73.036171
-66.0
-71.628937
-75.0
-72.303154
-76.0
-73.042526
-66.0
-71.634018
-75.0
-72.30722
-75.0
-72.845779
-75.0
-73.276627
-66.0
-71.821304
-74.0
-72.257042
-75.0
-72.805634
-74.0
-73.04451
-66.0
-71.635605
-66.0
-70.508484
-74.0
-71.206787
-74.0
-71.765434
-74.0
-72.212349
-74.0
-72.569878
-74.0
-72.855904
-66.0
-71.484726
-66.0
-70.387779
-75.0
-71.310226
-74.0
-71.848183
-74.0
-72.278549
-74.0
-72.622841
-74.0
-72.898277
-75.0
-73.318626
-74.0
-73.454903
-74.0
-73.563927
-66.0
-72.05114
-78.0
-73.240913
-74.0
-73.392731
-66.0
-71.914185
-74.0
-72.331352
-66.0
-71.065079
-74.0
-71.652061
-75.0
-72.321655
-75.0
-72.85733
-74.0
-73.085869
-74.0
-73.2687
-74.0
-73.414963
-66.0
-71.931969
-67.0
-70.945572
-67.0
-70.156456
-77.0
-71.525162
-74.0
-72.020134
-66.0
-70.816109
-75.0
-71.652893
-66.0
-70.522316
-66.0
-69.617851
-66.0
-67.532082
-70.0
-68.025665
-70.0
-68.420532
-70.0
-68.736427
-65.0
-67.989143
-65.0
-67.391319
-69.0
-67.713058
-70.0
-68.170448
-69.0
-68.336357
-65.0
-67.66909
-69.0
-67.935272
-69.0
-68.148216
-70.0
-68.518578
-65.0
-67.814865
-65.0
-67.251892
-69.0
-67.601517
-69.0
-67.881218
-66.0
-67.504974
-65.0
-67.003983
-68.0
-67.203186
-70.0
-67.76255
-69.0
-68.01004
-65.0
-67.408035
-69.0
-67.726433
-65.0
-67.181152
-69.0
-67.544922
-69.0
-67.835937
-66.0
-67.46875
-69.0
-67.775002
-70.0
-68.220001
-70.0
-68.576004
-69.0
-68.660805
-68.0
-68.528648
-65.0
-67.822922
-70.0
-68.258339
-81.0
-70.806671
-69.0
-70.445335
-69.0
-70.156273
-69.0
-69.925018
-69.0
-69.740013
-69.0
-69.59201
-70.0
-69.673615
-69.0
-69.538895
-68.0
-69.231117
-65.0
-68.384895
-69.0
-68.507919
-70.0
-68.806335
-66.0
-68.245071
-70.0
-68.596062
-70.0
-68.876854
-78.0
-76.333961
-78.0
-76.667168
-78.0
-76.933739
-77.0
-76.946991
-75.0
-76.557594
-80.0
-77.246078
-76.0
-76.996864
-78.0
-77.197495
-76.0
-76.957993
-76.0
-76.766396
-76.0
-76.613113
-77.0
-76.690491
-78.0
-76.952393
-77.0
-76.961914
-77.0
-76.969528
-77.0
-76.975624
-76.0
-76.780502
-76.0
-76.624405
-76.0
-76.499527
-76.0
-76.39962
-78.0
-76.719696
-68.0
-74.975761
-77.0
-75.380608
-76.0
-75.504486
-77.0
-75.803589
-76.0
-75.842873
-78.0
-76.2743
-75.0
-76.01944
-75.0
-75.815552
-77.0
-76.052444
-68.0
-74.441956
-77.0
-74.953568
-69.0
-73.762856
-76.0
-74.210281
-77.0
-74.768227
-76.0
-75.01458
-77.0
-75.411667
-77.0
-75.729332
-79.0
-76.383469
-79.0
-76.906776
-78.0
-77.12542
-78.0
-77.300339
-78.0
-77.440269
-77.0
-77.352219
-74.0
-76.681778
-74.0
-76.145424
-82.0
-77.316338
-73.0
-76.453072
-77.0
-76.562454
-77.0
-76.649963
-72.0
-70.486679
-69.0
-70.189346
-69.0
-69.951477
-70.0
-69.961182
-70.0
-69.968948
-71.0
-70.175156
-68.0
-69.740128
-68.0
-69.392105
-70.0
-69.513687
-70.0
-69.610954
-68.0
-69.288765
-70.0
-69.431015
-72.0
-69.944809
-69.0
-69.755852
-70.0
-69.804687
-71.0
-70.043747
-70.0
-70.035004
-71.0
-70.228004
-70.0
-70.182404
-70.0
-70.145927
-69.0
-69.91674
-71.0
-70.133392
-70.0
-70.10672
-68.0
-69.685379
-71.0
-69.948303
-71.0
-70.158646
-68.0
-69.726921
-68.0
-69.381538
-71.0
-69.705231
-71.0
-69.964188
-70.0
-69.971352
-71.0
-70.177078
-71.0
-70.34166
-68.0
-69.873329
-71.0
-70.098663
-67.0
-69.478928
-71.0
-69.783142
-71.0
-70.026512
-71.0
-70.221207
-70.0
-70.176971
-71.0
-70.341576
-68.0
-69.87326
-71.0
-70.09861
-71.0
-70.278885
-68.0
-69.823112
-68.0
-69.458488
-70.0
-69.566795
-70.0
-69.653442
-71.0
-69.922752
-70.0
-69.938202
-75.0
-75.11116
-71.0
-74.288925
-77.0
-74.831139
-73.0
-74.464912
-77.0
-74.971931
-78.0
-75.577545
-72.0
-74.862038
-73.0
-74.489632
-78.0
-75.191704
-78.0
-75.753365
-74.0
-75.402695
-74.0
-75.122154
-78.0
-75.697723
-78.0
-76.15818
-77.0
-76.326546
-73.0
-75.66124
-78.0
-76.12899
-78.0
-76.503197
-81.0
-77.402557
-78.0
-77.522049
-73.0
-76.617638
-73.0
-75.894112
-73.0
-75.315292
-77.0
-75.652237
-78.0
-76.121788
-79.0
-76.697433
-77.0
-76.75795
-77.0
-76.806358
-72.0
-75.845085
-73.0
-75.27607
-73.0
-74.820854
-77.0
-75.256683
-77.0
-75.605347
-77.0
-75.884277
-77.0
-76.107422
-73.0
-75.485939
-73.0
-74.988754
-78.0
-75.591003
-73.0
-75.072807
-77.0
-75.458244
-77.0
-75.766594
-77.0
-76.013275
-76.0
-76.01062
-78.0
-76.408501
-73.0
-75.726799
-76.0
-75.781441
-76.0
-75.82515
-77.0
-76.06012
-79.0
-76.648094
-71.0
-75.518478
-77.0
-75.941055
-76.0
-75.952843
-77.0
-76.162277
-78.0
-76.529823
-73.0
-75.82386
-76.0
-75.859085
-76.0
-75.887268
-75.0
-75.709816
-77.0
-75.96785
-72.0
-75.174278
-73.0
-74.739426
-76.0
-74.991539
-77.0
-75.393234
-78.0
-75.914589
-78.0
-76.331673
-76.0
-76.265335
-77.0
-76.41227
-76.0
-76.329819
-76.0
-76.263855
-76.0
-76.211082
-73.0
-75.568871
-76.0
-75.655098
-73.0
-75.124077
-73.0
-74.699265
-73.0
-74.359413
-76.0
-74.687531
-72.0
-74.150024
-73.0
-73.920021
-73.0
-73.736015
-75.0
-73.988815
-76.0
-74.391052
-74.0
-74.312843
-76.0
-74.650276
-73.0
-74.320221
-77.0
-74.856178
-73.0
-74.484947
-73.0
-74.187958
-76.0
-74.550369
-80.0
-75.640297
-76.0
-75.712234
-76.0
-75.769791
-76.0
-75.815834
-78.0
-76.25267
-77.0
-76.402138
-74.0
-75.921715
-78.0
-76.337372
-73.0
-75.669899
-77.0
-75.935921
-74.0
-75.548737
-77.0
-75.838989
-70.0
-71.795692
-70.0
-71.436554
-79.0
-72.949242
-72.0
-72.759392
-76.0
-73.407516
-73.0
-73.326012
-73.0
-73.260811
-73.0
-73.208649
-73.0
-73.166924
-75.0
-73.533539
-75.0
-73.826836
-74.0
-73.861473
-73.0
-73.689178
-81.0
-75.151344
-75.0
-75.121078
-75.0
-75.096863
-73.0
-74.67749
-76.0
-74.941994
-75.0
-74.953598
-75.0
-74.962883
-73.0
-74.570305
-75.0
-74.65625
-73.0
-74.325005
-73.0
-74.060005
-75.0
-74.248009
-73.0
-73.998405
-73.0
-73.798729
-73.0
-73.638985
-73.0
-73.511192
-73.0
-73.408958
-75.0
-73.727173
-73.0
-73.581741
-75.0
-73.865395
-76.0
-74.292313
-73.0
-74.033852
-73.0
-73.82708
-73.0
-73.661667
-73.0
-73.529335
-80.0
-74.823471
-75.0
-74.85878
-73.0
-74.487022
-73.0
-74.189621
-73.0
-73.951698
-73.0
-73.76136
-73.0
-73.609093
-75.0
-73.887276
-77.0
-74.509819
-72.0
-74.007858
-76.0
-74.406288
-72.0
-73.925034
-68.0
-70.714348
-69.0
-70.371483
-69.0
-70.097191
-68.0
-69.677757
-75.0
-70.74221
-68.0
-70.193771
-78.0
-71.75502
-69.0
-71.204018
-76.0
-72.163216
-69.0
-71.530571
-69.0
-71.02446
-68.0
-70.419571
-69.0
-70.135658
-69.0
-69.908531
-68.0
-69.526825
-69.0
-69.421463
-76.0
-70.737167
-69.0
-70.389732
-77.0
-71.711784
-69.0
-71.169426
-69.0
-70.735542
-77.0
-71.988434
-69.0
-71.390747
-77.0
-72.512596
-69.0
-71.810081
-77.0
-72.848068
-68.0
-71.878456
-69.0
-71.302765
-69.0
-70.842216
-76.0
-71.873772
-77.0
-72.899017
-77.0
-73.719215
-69.0
-72.775375
-69.0
-72.020302
-69.0
-71.416245
-69.0
-70.932999
-68.0
-70.346397
-77.0
-71.677116
-68.0
-70.941696
-69.0
-70.55336
-69.0
-70.242691
-68.0
-69.794151
-77.0
-71.235321
-77.0
-72.38826
-77.0
-73.310608
-69.0
-72.448486
-69.0
-71.758789
-69.0
-71.207031
-69.0
-70.765625
-69.0
-70.412498
-69.0
-71.821037
-68.0
-71.056831
-74.0
-71.64547
-69.0
-71.116379
-73.0
-71.493103
-69.0
-70.994484
-74.0
-71.595589
-68.0
-70.876472
-73.0
-71.301178
-74.0
-71.840942
-69.0
-71.272758
-73.0
-71.61821
-74.0
-72.094566
-74.0
-72.475655
-74.0
-72.780525
-74.0
-73.024422
-69.0
-72.219536
-74.0
-72.57563
-74.0
-72.860504
-74.0
-73.088402
-69.0
-72.270721
-69.0
-71.616577
-69.0
-71.093262
-69.0
-70.674614
-75.0
-71.539696
-74.0
-72.031761
-69.0
-71.425407
-74.0
-71.940331
-69.0
-71.352264
-67.0
-70.481812
-74.0
-71.185448
-74.0
-71.74836
-73.0
-71.998688
-74.0
-72.398949
-69.0
-71.719162
-69.0
-71.175331
-69.0
-70.740265
-67.0
-69.99221
-74.0
-70.79377
-69.0
-70.43502
-69.0
-70.148018
-74.0
-70.918419
-69.0
-70.534737
-74.0
-71.227791
-69.0
-70.782234
-68.0
-70.225792
-69.0
-69.980637
-74.0
-70.784508
-74.0
-71.427605
-69.0
-70.942085
-71.0
-72.312042
-71.0
-72.049637
-73.0
-72.239708
-75.0
-72.791771
-72.0
-72.633415
-68.0
-71.706734
-73.0
-71.965385
-73.0
-72.17231
-73.0
-72.337852
-71.0
-72.070282
-71.0
-71.856224
-72.0
-71.884979
-73.0
-72.107986
-82.0
-74.086388
-71.0
-73.469109
-71.0
-72.975288
-71.0
-72.580231
-71.0
-72.264183
-71.0
-72.011345
-71.0
-71.809074
-73.0
-72.047264
-74.0
-72.437813
-71.0
-72.150253
-71.0
-71.920204
-71.0
-71.73616
-71.0
-71.588928
-71.0
-71.471146
-72.0
-71.57692
-73.0
-71.861534
-76.0
-72.689224
-77.0
-73.551376
-72.0
-73.241104
-72.0
-72.992882
-74.0
-73.194305
-73.0
-73.155449
-77.0
-73.924362
-72.0
-73.53949
-82.0
-75.23159
-72.0
-74.585274
-72.0
-74.068222
-77.0
-74.654579
-73.0
-74.323662
-76.0
-74.658928
-72.0
-74.127144
-76.0
-74.501717
-72.0
-74.001373
-69.0
-73.001099
-77.0
-73.80088
-76.0
-74.240707
-76.0
-74.592567
-76.0
-77.428207
-87.0
-79.342567
-81.0
-79.674057
-79.0
-79.539246
-82.0
-80.031395
-75.0
-79.025116
-74.0
-78.020096
-83.0
-79.016075
-83.0
-79.812859
-84.0
-80.650291
-75.0
-79.520233
-76.0
-78.816185
-88.0
-80.652946
-87.0
-81.922363
-84.0
-82.337898
-84.0
-82.670326
-76.0
-81.336258
-76.0
-80.269005
-76.0
-79.415199
-76.0
-78.732162
-85.0
-79.985733
-76.0
-79.188583
-84.0
-80.150871
-76.0
-79.320694
-85.0
-80.456558
-76.0
-79.565247
-83.0
-80.252197
-76.0
-79.401756
-76.0
-78.721405
-76.0
-78.177124
-75.0
-77.541702
-84.0
-78.833366
-75.0
-78.066696
-75.0
-77.453362
-84.0
-78.762688
-75.0
-78.010155
-84.0
-79.208122
-75.0
-78.366501
-75.0
-77.693207
-84.0
-78.954567
-84.0
-79.963654
-65.0
-76.970924
-84.0
-78.37674
-84.0
-79.501396
-65.0
-76.60112
-84.0
-78.080894
-75.0
-77.464722
-75.0
-76.971779
-75.0
-76.577423
-75.0
-76.26194
-78.0
-75.886932
-76.0
-75.909546
-66.0
-73.927635
-82.0
-75.542107
-79.0
-76.233688
-81.0
-77.186951
-77.0
-77.149559
-68.0
-75.319649
-76.0
-75.455719
-74.0
-75.164574
-74.0
-74.931664
-66.0
-73.145332
-66.0
-71.716263
-75.0
-72.373016
-77.0
-73.298416
-77.0
-74.038734
-76.0
-74.430984
-66.0
-72.744789
-66.0
-71.395828
-76.0
-72.316666
-78.0
-73.453331
-66.0
-71.962662
-76.0
-72.770126
-66.0
-71.4161
-76.0
-72.332878
-76.0
-73.066299
-66.0
-71.653038
-66.0
-70.52243
-76.0
-71.617943
-76.0
-72.494354
-66.0
-71.19548
-77.0
-72.356384
-77.0
-73.28511
-77.0
-74.028091
-77.0
-74.622475
-77.0
-75.097977
-76.0
-75.278381
-77.0
-75.622704
-67.0
-73.898163
-77.0
-74.518532
-74.0
-74.414825
-66.0
-72.731857
-66.0
-71.385483
-74.0
-71.908386
-75.0
-72.526711
-66.0
-71.221367
-75.0
-71.977097
-66.0
-70.781677
-66.0
-69.82534
-68.0
-69.460274
-75.0
-72.495354
-75.0
-72.996284
-67.0
-71.797028
-75.0
-72.437622
-75.0
-72.950104
-74.0
-73.160088
-74.0
-73.328072
-74.0
-73.462456
-74.0
-73.569969
-74.0
-73.655975
-74.0
-73.724785
-74.0
-73.779831
-67.0
-72.423866
-67.0
-71.339096
-74.0
-71.871277
-67.0
-70.897018
-67.0
-70.117615
-75.0
-71.094093
-67.0
-70.275276
-75.0
-71.220222
-77.0
-72.376175
-75.0
-72.90094
-75.0
-73.320755
-67.0
-72.056602
-67.0
-71.04528
-75.0
-71.836227
-75.0
-72.468987
-75.0
-72.975189
-74.0
-73.180153
-67.0
-71.944122
-67.0
-70.955299
-74.0
-71.56424
-75.0
-72.251396
-67.0
-71.201118
-67.0
-70.360893
-66.0
-69.488716
-75.0
-70.590973
-68.0
-70.072777
-67.0
-69.458221
-74.0
-70.366577
-74.0
-71.093262
-74.0
-71.674614
-74.0
-72.139694
-75.0
-72.711761
-67.0
-71.569412
-67.0
-70.655533
-74.0
-71.324425
-74.0
-71.859543
-67.0
-70.887634
-74.0
-71.510109
