-0.06
0.12
0.13
0.14
0.14
0.14
0.14
0.14
0.14
0.13
0.12
0.11
0.09
0.08
0.06
0.05
0.03
0.01
-0.0
-0.02
-0.03
-0.05
-0.06
-0.07
-0.08
-0.09
-0.09
-0.1
-0.1
-0.1
-0.11
-0.11
-0.11
-0.1
-0.1
-0.1
-0.09
-0.09
-0.08
-0.08
-0.07
-0.07
-0.06
-0.06
-0.05
-0.05
-0.04
-0.04
-0.03
-0.03
-0.03
-0.03
-0.03
-0.03
-0.03
-0.03
-0.03
-0.03
-0.03
-0.03
-0.04
-0.04
-0.04
-0.04
-0.05
-0.05
-0.05
-0.05
-0.05
-0.05
-0.05
-0.05
-0.05
-0.05
-0.05
-0.04
-0.04
-0.04
-0.04
-0.04
-0.03
-0.03
-0.03
-0.02
-0.02
-0.02
-0.01
-0.01
-0.01
-0.01
-0.01
-0.01
-0.01
-0.01
-0.01
-0.02
-0.02
-0.02
-0.02
-0.03
-0.03
-0.03
-0.04
-0.04
-0.04
-0.04
-0.04
-0.04
-0.04
-0.04
-0.04
-0.04
-0.03
-0.03
-0.03
-0.02
-0.02
-0.02
-0.02
-0.02
-0.02
-0.02
-0.02
-0.02
-0.02
-0.02
-0.02
-0.02
-0.03
-0.03
-0.03
-0.03
-0.03
-0.03
-0.03
-0.03
-0.04
-0.04
-0.04
-0.04
-0.04
-0.04
-0.04
-0.05
-0.05
-0.05
-0.05
-0.06
-0.06
-0.06
-0.06
-0.07
-0.07
-0.07
-0.07
-0.07
-0.07
-0.07
-0.06
-0.06
-0.06
-0.05
-0.05
-0.05
-0.04
-0.04
-0.03
-0.03
-0.02
-0.02
-0.02
-0.01
-0.01
-0.01
-0.01
-0.01
-0.0
-0.0
-0.01
-0.01
-0.01
-0.01
-0.01
-0.02
-0.02
-0.02
-0.03
-0.03
-0.04
-0.04
-0.04
-0.05
-0.05
-0.06
-0.06
-0.06
-0.06
-0.07
-0.07
-0.07
-0.07
-0.07
-0.07
-0.07
-0.07
-0.07
-0.07
-0.07
-0.07
-0.07
-0.07
-0.07
-0.07
-0.07
-0.06
-0.06
-0.06
-0.06
-0.05
-0.05
-0.05
-0.04
-0.04
-0.04
-0.04
-0.04
-0.04
-0.04
-0.04
-0.04
-0.04
-0.04
-0.04
-0.04
-0.04
-0.04
-0.04
-0.05
-0.05
-0.05
-0.05
-0.05
-0.05
-0.05
-0.05
-0.04
-0.04
-0.04
-0.04
-0.04
-0.03
-0.03
-0.02
-0.02
-0.01
-0.01
-0.0
0.0
0.01
0.01
0.02
0.03
0.03
0.04
0.04
0.05
0.05
0.06
0.06
0.06
0.07
0.07
0.07
0.07
0.07
0.07
0.08
0.08
0.08
0.08
0.08
0.08
0.08
0.08
0.08
0.07
0.07
0.06
0.05
0.04
0.02
0.0
-0.02
-0.04
-0.06
-0.08
-0.11
-0.13
-0.15
-0.17
-0.2
-0.21
-0.23
-0.25
-0.26
-0.27
-0.29
-0.3
-0.31
-0.32
-0.33
-0.34
-0.35
-0.36
-0.38
-0.4
-0.41
-0.43
-0.46
-0.48
-0.5
-0.51
-0.53
-0.53
-0.54
-0.53
-0.51
-0.49
-0.45
-0.4
-0.34
-0.28
-0.2
-0.12
-0.04
0.04
0.11
0.18
0.24
0.29
0.32
0.34
0.34
0.34
0.32
0.29
0.25
0.2
0.15
0.09
0.04
-0.01
-0.06
-0.1
-0.13
-0.16
-0.18
-0.19
-0.19
-0.19
-0.18
-0.16
-0.13
-0.1
-0.07
-0.03
0.01
0.06
0.11
0.16
0.21
0.26
0.32
0.38
0.44
0.51
0.57
0.63
0.69
0.75
0.81
0.85
0.9
0.93
0.96
0.98
1.0
1.0
0.99
0.98
0.96
0.94
0.92
0.9
0.88
0.86
0.83
0.81
0.78
0.74
0.7
0.65
0.58
0.51
0.42
0.32
0.22
0.1
-0.02
-0.14
-0.27
-0.38
-0.5
-0.6
-0.69
-0.78
-0.85
-0.91
-0.96
-1.01
-1.05
-1.08
-1.11
-1.14
-1.16
-1.19
-1.21
-1.23
-1.25
-1.27
-1.29
-1.3
-1.3
-1.29
-1.28
-1.26
-1.23
-1.19
-1.14
-1.09
-1.02
-0.95
-0.87
-0.78
-0.69
-0.59
-0.49
-0.39
-0.29
-0.19
-0.09
0.02
0.11
0.21
0.3
0.39
0.47
0.55
0.63
0.69
0.75
0.81
0.86
0.9
0.93
0.95
0.97
0.99
1.0
1.0
1.01
1.0
0.99
0.98
0.95
0.91
0.86
0.79
0.72
0.63
0.54
0.44
0.34
0.23
0.13
0.03
-0.07
-0.16
-0.24
-0.32
-0.39
-0.45
-0.51
-0.57
-0.62
-0.67
-0.72
-0.77
-0.82
-0.86
-0.9
-0.94
-0.97
-1.0
-1.02
-1.04
-1.06
-1.07
-1.07
-1.08
-1.07
-1.06
-1.05
-1.03
-1.0
-0.96
-0.92
-0.87
-0.82
-0.76
-0.69
-0.62
-0.54
-0.45
-0.36
-0.26
-0.16
-0.05
0.07
0.19
0.32
0.45
0.58
0.71
0.83
0.95
1.05
1.15
1.24
1.32
1.38
1.44
1.49
1.52
1.55
1.57
1.57
1.57
1.55
1.53
1.49
1.44
1.38
1.3
1.22
1.12
1.01
0.9
0.77
0.64
0.5
0.35
0.2
0.05
-0.09
-0.24
-0.38
-0.52
-0.66
-0.78
-0.9
-1.02
-1.12
-1.22
-1.31
-1.38
-1.45
-1.52
-1.57
-1.61
-1.65
-1.68
-1.7
-1.72
-1.72
-1.72
-1.7
-1.67
-1.64
-1.59
-1.52
-1.45
-1.37
-1.27
-1.17
-1.05
-0.93
-0.8
-0.66
-0.51
-0.36
-0.2
-0.04
0.12
0.29
0.45
0.61
0.77
0.93
1.07
1.2
1.32
1.43
1.52
1.59
1.65
1.68
1.69
1.68
1.65
1.6
1.52
1.43
1.32
1.19
1.05
0.91
0.76
0.62
0.47
0.32
0.18
0.05
-0.08
-0.2
-0.32
-0.43
-0.54
-0.65
-0.75
-0.84
-0.93
-1.02
-1.1
-1.16
-1.22
-1.27
-1.3
-1.32
-1.33
-1.32
-1.3
-1.26
-1.21
-1.15
-1.07
-0.98
-0.89
-0.79
-0.68
-0.57
-0.46
-0.36
-0.25
-0.15
-0.05
0.05
0.14
0.24
0.34
0.44
0.53
0.62
0.71
0.8
0.87
0.95
1.01
1.08
1.14
1.19
1.24
1.28
1.31
1.34
1.36
1.36
1.36
1.35
1.32
1.28
1.22
1.15
1.07
0.97
0.86
0.73
0.6
0.45
0.29
0.13
-0.04
-0.22
-0.4
-0.57
-0.74
-0.91
-1.07
-1.22
-1.35
-1.48
-1.58
-1.68
-1.75
-1.81
-1.85
-1.88
-1.89
-1.88
-1.86
-1.82
-1.76
-1.69
-1.6
-1.5
-1.39
-1.27
-1.15
-1.01
-0.87
-0.73
-0.59
-0.44
-0.3
-0.15
-0.01
0.13
0.27
0.4
0.53
0.64
0.75
0.84
0.93
1.01
1.08
1.14
1.2
1.26
1.31
1.34
1.37
1.37
1.37
1.34
1.3
1.24
1.17
1.08
0.98
0.87
0.75
0.63
0.5
0.38
0.25
0.13
0.01
-0.1
-0.21
-0.31
-0.41
-0.5
-0.59
-0.68
-0.77
-0.85
-0.93
-1.01
-1.09
-1.16
-1.22
-1.28
-1.33
-1.37
-1.4
-1.42
-1.42
-1.41
-1.39
-1.35
-1.3
-1.24
-1.16
-1.07
-0.98
-0.87
-0.76
-0.64
-0.52
-0.38
-0.25
-0.11
0.03
0.17
0.31
0.44
0.57
0.7
0.82
0.95
1.08
1.2
1.32
1.44
1.55
1.64
1.73
1.79
1.84
1.86
1.86
1.84
1.8
1.73
1.64
1.53
1.4
1.25
1.1
0.93
0.75
0.57
0.39
0.21
0.03
-0.14
-0.31
-0.47
-0.62
-0.76
-0.89
-1.02
-1.13
-1.22
-1.31
-1.39
-1.45
-1.5
-1.55
-1.58
-1.6
-1.61
-1.62
-1.61
-1.6
-1.57
-1.53
-1.49
-1.43
-1.36
-1.28
-1.19
-1.09
-0.98
-0.87
-0.74
-0.61
-0.48
-0.34
-0.2
-0.07
0.06
0.19
0.31
0.41
0.51
0.6
0.68
0.76
0.83
0.91
0.98
1.05
1.11
1.17
1.21
1.24
1.25
1.24
1.22
1.18
1.13
1.07
0.99
0.9
0.8
0.7
0.59
0.48
0.37
0.26
0.15
0.04
-0.06
-0.16
-0.25
-0.34
-0.42
-0.5
-0.58
-0.65
-0.71
-0.78
-0.83
-0.89
-0.94
-0.98
-1.01
-1.04
-1.06
-1.06
-1.07
-1.06
-1.04
-1.02
-0.99
-0.95
-0.91
-0.86
-0.8
-0.74
-0.67
-0.59
-0.5
-0.4
-0.3
-0.19
-0.07
0.05
0.17
0.29
0.41
0.52
0.62
0.72
0.81
0.91
1.0
1.1
1.19
1.27
1.35
1.42
1.47
1.51
1.53
1.53
1.51
1.47
1.4
1.32
1.22
1.11
0.99
0.85
0.71
0.57
0.42
0.26
0.11
-0.04
-0.19
-0.34
-0.48
-0.62
-0.75
-0.87
-0.98
-1.09
-1.19
-1.27
-1.35
-1.42
-1.48
-1.53
-1.57
-1.59
-1.61
-1.62
-1.61
-1.6
-1.57
-1.53
-1.47
-1.41
-1.33
-1.25
-1.16
-1.06
-0.95
-0.84
-0.72
-0.6
-0.46
-0.33
-0.18
-0.04
0.11
0.26
0.41
0.55
0.68
0.8
0.91
1.02
1.11
1.2
1.29
1.36
1.42
1.47
1.5
1.51
1.51
1.49
1.45
1.4
1.33
1.25
1.16
1.05
0.94
0.83
0.71
0.59
0.47
0.35
0.23
0.1
-0.02
-0.15
-0.27
-0.4
-0.52
-0.65
-0.77
-0.88
-0.99
-1.1
-1.2
-1.29
-1.37
-1.45
-1.51
-1.56
-1.59
-1.61
-1.62
-1.61
-1.59
-1.56
-1.52
-1.47
-1.41
-1.34
-1.27
-1.19
-1.1
-1.0
-0.9
-0.8
-0.68
-0.56
-0.44
-0.31
-0.17
-0.03
0.11
0.25
0.39
0.53
0.67
0.81
0.96
1.11
1.27
1.43
1.6
1.75
1.9
2.03
2.14
2.22
2.27
2.28
2.26
2.2
2.1
1.97
1.81
1.63
1.43
1.22
0.99
0.77
0.54
0.31
0.1
-0.11
-0.3
-0.48
-0.65
-0.8
-0.93
-1.05
-1.15
-1.24
-1.32
-1.38
-1.44
-1.48
-1.51
-1.54
-1.56
-1.57
-1.57
-1.55
-1.53
-1.5
-1.45
-1.4
-1.33
-1.25
-1.17
-1.07
-0.97
-0.86
-0.75
-0.63
-0.51
-0.39
-0.27
-0.15
-0.03
0.09
0.2
0.31
0.41
0.5
0.59
0.67
0.75
0.83
0.91
0.98
1.05
1.12
1.18
1.23
1.26
1.27
1.27
1.24
1.19
1.13
1.06
0.97
0.88
0.78
0.68
0.58
0.48
0.39
0.29
0.21
0.12
0.04
-0.04
-0.11
-0.19
-0.27
-0.36
-0.44
-0.53
-0.63
-0.72
-0.82
-0.91
-1.0
-1.08
-1.16
-1.23
-1.28
-1.33
-1.36
-1.37
-1.37
-1.36
-1.34
-1.3
-1.26
-1.21
-1.15
-1.09
-1.02
-0.95
-0.87
-0.78
-0.69
-0.59
-0.49
-0.37
-0.24
-0.1
0.04
0.19
0.34
0.49
0.64
0.79
0.94
1.1
1.24
1.39
1.52
1.65
1.76
1.85
1.92
1.97
2.0
2.0
1.98
1.93
1.86
1.77
1.65
1.52
1.37
1.2
1.03
0.84
0.65
0.46
0.27
0.07
-0.11
-0.3
-0.47
-0.63
-0.78
-0.92
-1.04
-1.15
-1.25
-1.34
-1.41
-1.47
-1.52
-1.56
-1.59
-1.61
-1.62
-1.62
-1.61
-1.59
-1.56
-1.52
-1.47
-1.42
-1.35
-1.28
-1.19
-1.1
-1.01
-0.9
-0.79
-0.68
-0.56
-0.43
-0.3
-0.17
-0.05
0.08
0.21
0.33
0.45
0.56
0.67
0.77
0.87
0.96
1.05
1.14
1.22
1.29
1.35
1.39
1.41
1.42
1.4
1.36
1.3
1.22
1.12
1.01
0.89
0.75
0.61
0.47
0.33
0.19
0.05
-0.08
-0.21
-0.33
-0.45
-0.56
-0.66
-0.76
-0.85
-0.93
-1.0
-1.06
-1.11
-1.15
-1.17
-1.17
-1.17
-1.14
-1.11
-1.06
-1.01
-0.95
-0.88
-0.82
-0.75
-0.68
-0.62
-0.56
-0.51
-0.46
-0.42
-0.38
-0.34
-0.31
-0.28
-0.25
-0.23
-0.21
-0.19
-0.17
-0.15
-0.13
-0.1
-0.07
-0.04
-0.01
0.02
0.06
0.09
0.13
0.16
0.2
0.25
0.3
0.36
0.43
0.51
0.6
0.7
0.79
0.88
0.96
1.02
1.07
1.09
1.1
1.08
1.05
1.0
0.94
0.87
0.79
0.71
0.63
0.54
0.46
0.37
0.29
0.21
0.13
0.06
-0.02
-0.09
-0.15
-0.21
-0.27
-0.32
-0.37
-0.41
-0.45
-0.49
-0.52
-0.55
-0.57
-0.59
-0.61
-0.62
-0.64
-0.65
-0.66
-0.66
-0.67
-0.66
-0.66
-0.65
-0.64
-0.63
-0.61
-0.58
-0.56
-0.53
-0.51
-0.48
-0.45
-0.42
-0.4
-0.38
-0.36
-0.34
-0.32
-0.31
-0.29
-0.28
-0.26
-0.25
-0.23
-0.22
-0.2
-0.18
-0.16
-0.14
-0.12
-0.1
-0.08
-0.07
-0.05
-0.04
-0.03
-0.01
-0.0
0.01
0.02
0.03
0.04
0.06
0.07
0.09
0.11
0.13
0.15
0.17
0.19
0.2
0.22
0.22
0.23
0.23
0.22
0.21
0.19
0.17
0.14
0.11
0.07
0.03
-0.01
-0.05
-0.09
-0.13
-0.16
-0.2
-0.23
-0.25
-0.28
-0.29
-0.31
-0.31
-0.31
-0.3
-0.29
-0.27
-0.25
-0.22
-0.19
-0.15
-0.12
-0.08
-0.05
-0.02
0.01
0.03
0.06
0.08
0.1
0.13
0.15
0.18
0.2
0.22
0.24
0.26
0.28
0.29
0.29
0.29
0.28
0.27
0.25
0.23
0.2
0.17
0.14
0.1
0.07
0.04
0.01
-0.02
-0.04
-0.05
-0.06
-0.06
-0.06
-0.05
-0.05
-0.04
-0.03
-0.02
-0.01
-0.0
0.0
0.0
0.0
-0.0
-0.01
-0.01
-0.02
-0.03
-0.05
-0.06
-0.07
-0.08
-0.1
-0.11
-0.12
-0.13
-0.14
-0.14
-0.15
-0.16
-0.16
-0.16
-0.17
-0.17
-0.17
-0.17
-0.17
-0.17
-0.17
-0.16
-0.15
-0.14
-0.13
-0.11
-0.1
-0.08
-0.06
-0.04
-0.03
-0.01
0.0
0.02
0.03
0.03
0.04
0.04
0.04
0.03
0.03
0.02
0.02
0.01
-0.0
-0.01
-0.02
-0.03
-0.04
-0.05
-0.06
-0.06
-0.07
-0.07
-0.08
-0.09
-0.09
-0.1
-0.11
-0.12
-0.13
-0.14
-0.15
-0.15
-0.16
-0.16
-0.16
-0.16
-0.16
-0.15
-0.14
-0.14
-0.13
-0.11
-0.1
-0.09
-0.07
-0.06
-0.04
-0.03
-0.01
0.0
0.02
0.03
0.04
0.06
0.07
0.08
0.09
0.1
0.11
0.11
0.11
0.11
0.11
0.11
0.11
0.1
0.09
0.08
0.07
0.06
0.05
0.03
0.02
0.01
-0.01
-0.02
-0.04
-0.05
-0.06
-0.07
-0.08
-0.09
-0.1
-0.11
-0.12
-0.13
-0.14
-0.15
-0.16
-0.17
-0.17
-0.18
-0.18
-0.19
-0.19
-0.19
-0.19
-0.19
-0.18
-0.18
-0.17
-0.17
-0.16
-0.15
-0.14
-0.13
-0.12
-0.1
-0.09
-0.08
-0.06
-0.04
-0.03
-0.01
0.01
0.03
0.05
0.07
0.08
0.1
0.11
0.12
0.13
0.14
0.14
0.14
0.14
0.14
0.13
0.12
0.12
0.11
0.1
0.09
0.07
0.06
0.05
0.03
0.02
-0.0
-0.02
-0.03
-0.05
-0.06
-0.08
-0.09
-0.1
-0.11
-0.12
-0.12
-0.13
-0.13
-0.14
-0.14
-0.14
-0.14
-0.13
-0.13
-0.13
-0.12
-0.12
-0.11
-0.1
-0.1
-0.09
-0.09
-0.08
-0.08
-0.07
-0.07
-0.07
-0.06
-0.06
-0.05
-0.05
-0.05
-0.04
-0.04
-0.04
-0.04
-0.04
-0.04
-0.03
-0.03
-0.03
-0.03
-0.04
-0.04
-0.03
-0.03
-0.03
-0.03
-0.03
-0.03
-0.02
-0.02
-0.02
-0.01
-0.01
-0.01
-0.0
-0.0
-0.0
-0.0
-0.0
-0.0
-0.0
-0.0
-0.01
-0.01
-0.01
-0.01
-0.02
-0.02
-0.02
-0.02
-0.02
-0.03
-0.03
-0.03
-0.03
-0.03
-0.03
-0.03
-0.04
-0.04
-0.04
-0.04
-0.04
-0.04
-0.04
-0.04
-0.05
-0.05
-0.05
-0.05
-0.05
-0.05
-0.05
-0.05
-0.04
-0.04
-0.04
-0.04
-0.04
-0.04
-0.03
-0.03
-0.02
-0.02
-0.01
-0.0
0.0
0.01
0.02
0.03
0.04
0.04
0.05
0.05
0.05
0.06
0.06
0.05
0.05
0.05
0.04
0.04
0.04
0.03
0.03
0.02
0.02
0.01
0.0
-0.0
-0.01
-0.02
-0.03
-0.04
-0.05
-0.06
-0.07
-0.07
-0.08
-0.09
-0.09
-0.1
-0.1
-0.1
-0.1
-0.1
-0.1
-0.1
-0.09
-0.09
-0.08
-0.07
-0.06
-0.06
-0.04
-0.03
-0.02
-0.01
-0.0
0.01
0.02
0.02
0.03
0.04
0.04
0.04
0.04
0.04
0.04
0.03
0.02
0.02
0.01
-0.0
-0.01
-0.02
-0.04
-0.05
-0.06
-0.07
-0.08
-0.09
-0.1
-0.11
-0.11
-0.12
-0.12
-0.12
-0.12
-0.12
-0.12
-0.12
-0.12
-0.12
-0.11
-0.11
-0.11
-0.1
-0.1
-0.09
-0.09
-0.08
-0.08
-0.07
-0.06
-0.06
-0.05
-0.05
-0.04
-0.04
-0.03
-0.03
-0.02
-0.02
-0.02
-0.02
-0.02
-0.02
-0.02
-0.03
-0.03
-0.03
-0.04
-0.05
-0.05
-0.06
-0.06
-0.06
-0.07
-0.07
-0.07
-0.07
-0.07
-0.06
-0.06
-0.06
-0.05
-0.05
-0.04
-0.04
-0.03
-0.03
-0.02
-0.01
-0.01
-0.0
0.0
0.01
0.01
0.02
0.02
0.02
0.02
0.02
0.02
0.02
0.01
0.01
0.0
-0.01
-0.01
-0.02
-0.03
-0.03
-0.04
-0.05
-0.05
-0.06
-0.06
-0.06
-0.07
-0.07
