-0.06
-0.05
-0.05
-0.04
-0.03
-0.03
-0.02
-0.01
-0.01
-0.0
-0.0
0.0
0.01
0.01
0.01
0.01
0.01
0.01
0.01
0.01
0.01
0.0
0.0
0.0
-0.0
-0.0
-0.01
-0.01
-0.01
-0.01
-0.01
-0.01
-0.01
-0.01
-0.01
-0.01
-0.01
-0.01
-0.01
-0.0
-0.0
0.0
0.0
0.0
0.0
0.01
0.0
0.0
0.0
-0.0
-0.01
-0.01
-0.02
-0.03
-0.04
-0.05
-0.06
-0.07
-0.08
-0.08
-0.09
-0.09
-0.09
-0.09
-0.09
-0.09
-0.08
-0.08
-0.07
-0.06
-0.05
-0.04
-0.02
-0.0
0.01
0.03
0.05
0.07
0.09
0.11
0.13
0.15
0.17
0.19
0.2
0.21
0.22
0.22
0.22
0.22
0.21
0.2
0.19
0.17
0.15
0.13
0.11
0.09
0.07
0.04
0.02
-0.0
-0.03
-0.05
-0.06
-0.08
-0.09
-0.11
-0.12
-0.12
-0.13
-0.13
-0.14
-0.14
-0.14
-0.14
-0.14
-0.14
-0.14
-0.14
-0.14
-0.14
-0.14
-0.14
-0.14
-0.13
-0.13
-0.13
-0.13
-0.12
-0.12
-0.12
-0.11
-0.11
-0.11
-0.1
-0.1
-0.1
-0.1
-0.09
-0.09
-0.09
-0.09
-0.09
-0.08
-0.08
-0.08
-0.08
-0.07
-0.07
-0.07
-0.06
-0.05
-0.04
-0.04
-0.03
-0.02
-0.01
-0.0
0.0
0.01
0.01
0.01
0.01
0.01
0.0
-0.01
-0.02
-0.03
-0.05
-0.06
-0.08
-0.09
-0.11
-0.12
-0.13
-0.15
-0.15
-0.16
-0.16
-0.16
-0.15
-0.15
-0.14
-0.12
-0.11
-0.1
-0.08
-0.06
-0.04
-0.03
-0.01
0.01
0.03
0.05
0.06
0.08
0.09
0.1
0.11
0.12
0.12
0.12
0.12
0.12
0.11
0.1
0.09
0.08
0.07
0.05
0.03
0.01
-0.01
-0.03
-0.05
-0.07
-0.08
-0.1
-0.12
-0.13
-0.15
-0.16
-0.18
-0.19
-0.21
-0.22
-0.23
-0.25
-0.26
-0.28
-0.29
-0.31
-0.33
-0.34
-0.36
-0.38
-0.4
-0.41
-0.43
-0.44
-0.45
-0.45
-0.45
-0.45
-0.44
-0.42
-0.4
-0.36
-0.32
-0.26
-0.2
-0.13
-0.05
0.04
0.12
0.21
0.28
0.35
0.41
0.46
0.49
0.5
0.5
0.48
0.45
0.41
0.36
0.31
0.25
0.2
0.15
0.1
0.07
0.04
0.03
0.02
0.02
0.04
0.06
0.09
0.13
0.17
0.22
0.26
0.31
0.35
0.4
0.44
0.47
0.51
0.53
0.56
0.58
0.6
0.61
0.63
0.64
0.66
0.68
0.69
0.71
0.73
0.75
0.76
0.78
0.79
0.8
0.81
0.81
0.81
0.8
0.79
0.78
0.76
0.73
0.7
0.65
0.6
0.54
0.46
0.38
0.28
0.17
0.05
-0.07
-0.19
-0.32
-0.45
-0.57
-0.69
-0.8
-0.9
-0.98
-1.06
-1.12
-1.17
-1.2
-1.23
-1.24
-1.25
-1.25
-1.24
-1.23
-1.22
-1.21
-1.2
-1.18
-1.17
-1.15
-1.14
-1.12
-1.1
-1.07
-1.05
-1.02
-0.99
-0.96
-0.92
-0.88
-0.84
-0.8
-0.75
-0.7
-0.64
-0.58
-0.5
-0.43
-0.35
-0.26
-0.17
-0.07
0.03
0.13
0.24
0.35
0.45
0.56
0.67
0.77
0.88
0.97
1.07
1.16
1.25
1.34
1.42
1.51
1.58
1.66
1.73
1.79
1.85
1.9
1.94
1.97
1.99
1.99
1.97
1.93
1.85
1.74
1.61
1.43
1.23
1.0
0.75
0.49
0.21
-0.07
-0.34
-0.6
-0.85
-1.07
-1.27
-1.45
-1.59
-1.71
-1.8
-1.87
-1.92
-1.94
-1.95
-1.95
-1.94
-1.92
-1.89
-1.85
-1.81
-1.76
-1.7
-1.63
-1.56
-1.47
-1.38
-1.29
-1.18
-1.07
-0.95
-0.83
-0.7
-0.57
-0.44
-0.31
-0.18
-0.06
0.07
0.19
0.32
0.44
0.56
0.67
0.79
0.9
1.0
1.11
1.2
1.3
1.39
1.47
1.55
1.63
1.71
1.78
1.86
1.94
2.01
2.09
2.15
2.2
2.23
2.23
2.2
2.12
2.01
1.86
1.67
1.45
1.2
0.93
0.64
0.34
0.04
-0.26
-0.54
-0.8
-1.05
-1.27
-1.47
-1.63
-1.77
-1.89
-1.98
-2.04
-2.08
-2.09
-2.09
-2.06
-2.02
-1.97
-1.9
-1.82
-1.73
-1.63
-1.52
-1.41
-1.29
-1.17
-1.05
-0.93
-0.81
-0.69
-0.57
-0.47
-0.36
-0.26
-0.17
-0.08
0.0
0.08
0.16
0.23
0.29
0.35
0.41
0.47
0.52
0.56
0.61
0.65
0.7
0.74
0.78
0.83
0.87
0.92
0.97
1.03
1.08
1.13
1.18
1.22
1.25
1.26
1.25
1.21
1.15
1.05
0.93
0.79
0.62
0.43
0.23
0.02
-0.2
-0.41
-0.61
-0.8
-0.96
-1.11
-1.23
-1.33
-1.41
-1.46
-1.49
-1.5
-1.49
-1.47
-1.44
-1.41
-1.36
-1.31
-1.26
-1.2
-1.14
-1.07
-1.0
-0.92
-0.84
-0.75
-0.67
-0.58
-0.49
-0.4
-0.31
-0.22
-0.12
-0.03
0.06
0.15
0.24
0.33
0.43
0.52
0.62
0.71
0.81
0.91
1.01
1.11
1.2
1.3
1.39
1.47
1.56
1.64
1.72
1.79
1.85
1.91
1.95
1.97
1.98
1.95
1.9
1.82
1.7
1.56
1.39
1.19
0.97
0.73
0.48
0.22
-0.04
-0.3
-0.56
-0.8
-1.03
-1.23
-1.42
-1.58
-1.71
-1.82
-1.89
-1.94
-1.97
-1.96
-1.94
-1.89
-1.83
-1.75
-1.66
-1.56
-1.45
-1.34
-1.23
-1.13
-1.03
-0.93
-0.84
-0.75
-0.67
-0.59
-0.51
-0.44
-0.37
-0.29
-0.22
-0.15
-0.07
-0.0
0.07
0.13
0.2
0.26
0.32
0.38
0.44
0.51
0.59
0.66
0.74
0.83
0.91
0.98
1.05
1.12
1.18
1.23
1.28
1.32
1.35
1.38
1.38
1.37
1.33
1.27
1.18
1.07
0.93
0.77
0.59
0.4
0.21
0.02
-0.17
-0.34
-0.5
-0.64
-0.76
-0.87
-0.95
-1.01
-1.06
-1.09
-1.12
-1.13
-1.13
-1.12
-1.11
-1.1
-1.08
-1.06
-1.05
-1.03
-1.01
-0.99
-0.98
-0.96
-0.95
-0.94
-0.93
-0.91
-0.9
-0.88
-0.85
-0.82
-0.78
-0.73
-0.68
-0.61
-0.53
-0.45
-0.36
-0.26
-0.15
-0.04
0.08
0.2
0.33
0.46
0.59
0.71
0.83
0.95
1.06
1.16
1.27
1.38
1.48
1.6
1.71
1.82
1.92
2.01
2.08
2.12
2.13
2.11
2.05
1.96
1.83
1.67
1.49
1.28
1.06
0.83
0.6
0.36
0.13
-0.09
-0.3
-0.49
-0.67
-0.82
-0.96
-1.08
-1.18
-1.27
-1.34
-1.39
-1.43
-1.46
-1.48
-1.49
-1.48
-1.47
-1.45
-1.41
-1.37
-1.33
-1.27
-1.22
-1.16
-1.09
-1.02
-0.95
-0.87
-0.78
-0.7
-0.61
-0.51
-0.41
-0.31
-0.21
-0.11
-0.01
0.09
0.19
0.28
0.37
0.46
0.54
0.62
0.69
0.75
0.81
0.87
0.93
0.99
1.06
1.14
1.23
1.33
1.43
1.52
1.6
1.66
1.69
1.69
1.64
1.56
1.44
1.28
1.09
0.88
0.66
0.43
0.2
-0.02
-0.23
-0.42
-0.59
-0.74
-0.87
-0.97
-1.06
-1.12
-1.17
-1.21
-1.24
-1.27
-1.28
-1.3
-1.31
-1.33
-1.34
-1.34
-1.34
-1.34
-1.32
-1.29
-1.25
-1.2
-1.14
-1.07
-0.99
-0.89
-0.8
-0.69
-0.57
-0.45
-0.32
-0.18
-0.04
0.1
0.24
0.38
0.52
0.66
0.8
0.93
1.06
1.18
1.3
1.43
1.55
1.67
1.79
1.91
2.02
2.12
2.2
2.25
2.28
2.28
2.23
2.15
2.04
1.88
1.69
1.47
1.23
0.97
0.69
0.41
0.12
-0.16
-0.43
-0.69
-0.94
-1.17
-1.38
-1.56
-1.73
-1.87
-1.99
-2.09
-2.17
-2.22
-2.25
-2.26
-2.26
-2.23
-2.19
-2.13
-2.06
-1.98
-1.89
-1.79
-1.68
-1.57
-1.45
-1.32
-1.19
-1.05
-0.92
-0.78
-0.64
-0.5
-0.37
-0.23
-0.11
0.02
0.14
0.26
0.37
0.49
0.6
0.71
0.82
0.93
1.04
1.15
1.26
1.37
1.49
1.6
1.72
1.84
1.95
2.05
2.14
2.21
2.25
2.26
2.23
2.17
2.06
1.92
1.73
1.52
1.27
1.01
0.73
0.44
0.15
-0.13
-0.4
-0.65
-0.87
-1.06
-1.22
-1.35
-1.45
-1.53
-1.59
-1.63
-1.66
-1.68
-1.69
-1.69
-1.69
-1.68
-1.66
-1.65
-1.62
-1.59
-1.55
-1.51
-1.45
-1.39
-1.32
-1.23
-1.14
-1.04
-0.94
-0.83
-0.71
-0.59
-0.47
-0.35
-0.23
-0.12
0.0
0.12
0.24
0.36
0.48
0.6
0.72
0.84
0.95
1.06
1.17
1.28
1.39
1.51
1.62
1.73
1.83
1.93
2.01
2.07
2.11
2.12
2.09
2.03
1.94
1.81
1.66
1.47
1.26
1.03
0.79
0.54
0.29
0.03
-0.22
-0.46
-0.7
-0.92
-1.12
-1.3
-1.46
-1.6
-1.71
-1.8
-1.87
-1.92
-1.96
-1.97
-1.97
-1.96
-1.94
-1.9
-1.86
-1.81
-1.75
-1.69
-1.62
-1.54
-1.46
-1.37
-1.28
-1.18
-1.08
-0.97
-0.86
-0.75
-0.63
-0.51
-0.38
-0.26
-0.13
0.0
0.13
0.26
0.38
0.5
0.62
0.73
0.84
0.94
1.04
1.14
1.24
1.33
1.43
1.53
1.62
1.69
1.75
1.79
1.8
1.78
1.73
1.65
1.54
1.41
1.27
1.1
0.93
0.76
0.58
0.4
0.23
0.06
-0.09
-0.24
-0.38
-0.5
-0.62
-0.73
-0.83
-0.92
-1.01
-1.1
-1.18
-1.25
-1.32
-1.38
-1.44
-1.48
-1.51
-1.53
-1.54
-1.54
-1.52
-1.49
-1.45
-1.39
-1.32
-1.24
-1.15
-1.05
-0.93
-0.81
-0.68
-0.54
-0.4
-0.25
-0.09
0.07
0.24
0.41
0.58
0.75
0.92
1.08
1.24
1.4
1.55
1.69
1.82
1.94
2.05
2.14
2.22
2.27
2.3
2.29
2.26
2.2
2.09
1.96
1.79
1.59
1.36
1.12
0.85
0.58
0.3
0.03
-0.23
-0.47
-0.7
-0.9
-1.08
-1.24
-1.37
-1.48
-1.56
-1.63
-1.67
-1.69
-1.7
-1.69
-1.66
-1.63
-1.58
-1.52
-1.45
-1.38
-1.3
-1.22
-1.13
-1.05
-0.97
-0.89
-0.82
-0.74
-0.67
-0.6
-0.53
-0.47
-0.4
-0.33
-0.26
-0.18
-0.1
-0.02
0.06
0.15
0.24
0.34
0.43
0.53
0.63
0.72
0.81
0.9
0.98
1.06
1.13
1.19
1.25
1.31
1.36
1.42
1.47
1.52
1.56
1.59
1.61
1.6
1.56
1.5
1.41
1.3
1.15
0.99
0.8
0.6
0.39
0.18
-0.03
-0.24
-0.44
-0.64
-0.82
-0.98
-1.12
-1.25
-1.36
-1.44
-1.51
-1.55
-1.58
-1.59
-1.59
-1.57
-1.54
-1.5
-1.45
-1.4
-1.34
-1.27
-1.2
-1.13
-1.06
-0.99
-0.92
-0.85
-0.8
-0.74
-0.7
-0.65
-0.62
-0.58
-0.55
-0.51
-0.46
-0.41
-0.34
-0.25
-0.16
-0.05
0.07
0.2
0.33
0.45
0.58
0.69
0.8
0.89
0.97
1.03
1.08
1.11
1.14
1.15
1.15
1.15
1.13
1.11
1.08
1.05
1.01
0.96
0.91
0.86
0.8
0.75
0.71
0.68
0.66
0.66
0.68
0.71
0.75
0.78
0.81
0.82
0.82
0.78
0.72
0.62
0.5
0.35
0.18
-0.01
-0.2
-0.39
-0.57
-0.74
-0.88
-1.0
-1.1
-1.17
-1.22
-1.24
-1.25
-1.23
-1.2
-1.15
-1.09
-1.01
-0.94
-0.85
-0.77
-0.7
-0.63
-0.57
-0.52
-0.47
-0.43
-0.4
-0.36
-0.33
-0.29
-0.26
-0.22
-0.19
-0.16
-0.13
-0.1
-0.07
-0.05
-0.03
-0.01
0.01
0.03
0.05
0.06
0.08
0.1
0.12
0.14
0.15
0.17
0.18
0.19
0.2
0.2
0.2
0.19
0.17
0.15
0.13
0.1
0.07
0.04
0.01
-0.02
-0.04
-0.05
-0.05
-0.04
-0.02
0.01
0.04
0.09
0.13
0.17
0.21
0.25
0.27
0.29
0.3
0.3
0.29
0.27
0.24
0.2
0.15
0.1
0.05
0.0
-0.05
-0.1
-0.15
-0.2
-0.24
-0.28
-0.31
-0.34
-0.36
-0.37
-0.38
-0.39
-0.39
-0.39
-0.39
-0.38
-0.38
-0.36
-0.35
-0.33
-0.32
-0.3
-0.28
-0.26
-0.23
-0.2
-0.18
-0.15
-0.11
-0.08
-0.05
-0.01
0.02
0.06
0.1
0.13
0.17
0.2
0.24
0.27
0.29
0.32
0.34
0.35
0.37
0.37
0.38
0.37
0.37
0.36
0.34
0.33
0.31
0.28
0.26
0.23
0.2
0.17
0.14
0.1
0.07
0.04
0.01
-0.02
-0.05
-0.08
-0.1
-0.12
-0.14
-0.15
-0.16
-0.17
-0.17
-0.18
-0.17
-0.17
-0.17
-0.17
-0.16
-0.16
-0.15
-0.15
-0.14
-0.14
-0.13
-0.13
-0.12
-0.11
-0.09
-0.08
-0.07
-0.05
-0.04
-0.02
-0.01
0.0
0.01
0.02
0.03
0.03
0.03
0.03
0.03
0.03
0.03
0.03
0.02
0.02
0.02
0.01
0.01
0.01
0.01
0.01
0.0
0.0
0.0
0.0
-0.0
-0.0
-0.0
-0.01
-0.01
-0.01
-0.02
-0.02
-0.02
-0.03
-0.03
-0.03
-0.03
-0.03
-0.04
-0.04
-0.04
-0.04
-0.04
-0.04
-0.04
-0.04
-0.03
-0.03
-0.03
-0.02
-0.02
-0.01
-0.0
0.01
0.01
0.02
0.03
0.04
0.05
0.05
0.06
0.06
0.06
0.07
0.06
0.06
0.06
0.05
0.05
0.04
0.03
0.02
0.01
0.0
-0.01
-0.02
-0.03
-0.04
-0.05
-0.06
-0.06
-0.07
-0.07
-0.07
-0.07
-0.07
-0.07
-0.06
-0.06
-0.06
-0.05
-0.05
-0.05
-0.04
-0.04
-0.04
-0.03
-0.03
-0.02
-0.02
-0.01
-0.01
-0.0
0.01
0.01
0.02
0.03
0.04
0.04
0.05
0.05
0.06
0.06
0.06
0.07
0.07
0.07
0.07
0.07
0.07
0.07
0.06
0.06
0.06
0.05
0.05
0.04
0.03
0.03
0.02
0.01
0.0
-0.0
-0.01
-0.02
-0.03
-0.03
-0.04
-0.04
-0.04
-0.05
-0.05
-0.05
-0.05
-0.05
-0.05
-0.05
-0.05
-0.06
-0.06
-0.06
-0.07
-0.07
-0.08
-0.08
-0.08
-0.08
-0.09
-0.09
-0.09
-0.09
-0.09
-0.09
-0.08
-0.08
-0.08
-0.07
-0.07
-0.07
-0.06
-0.06
-0.06
-0.05
-0.05
-0.05
-0.05
-0.04
-0.04
-0.04
-0.04
-0.03
-0.03
-0.03
-0.02
-0.02
-0.01
-0.01
-0.0
0.0
0.01
0.01
0.02
0.03
0.03
0.04
0.05
0.05
0.06
0.06
0.07
0.07
0.07
0.08
0.08
0.08
0.08
0.08
0.08
0.08
0.08
0.08
0.08
0.08
0.08
0.08
0.07
0.07
0.06
0.06
0.05
0.05
0.04
0.03
0.02
0.02
0.01
0.0
-0.01
-0.01
-0.02
-0.02
-0.03
-0.03
-0.03
-0.04
-0.04
-0.03
-0.03
-0.03
-0.03
-0.02
-0.02
-0.02
-0.01
-0.01
-0.0
0.0
0.01
0.02
0.02
0.03
0.03
0.03
0.03
0.03
0.03
0.03
0.03
0.02
0.02
0.01
0.0
-0.0
-0.01
-0.02
-0.02
-0.03
-0.03
-0.04
-0.04
-0.05
-0.05
-0.05
-0.06
-0.06
-0.06
-0.06
-0.06
-0.06
-0.06
-0.06
-0.06
-0.05
-0.05
-0.05
-0.04
-0.04
-0.04
-0.03
-0.03
-0.03
-0.02
-0.02
-0.02
-0.02
-0.02
-0.01
-0.01
-0.01
-0.01
-0.01
-0.0
-0.0
0.0
0.0
0.01
0.01
0.01
0.01
0.01
0.02
0.02
0.02
0.02
0.02
0.02
0.02
0.03
0.03
0.03
0.03
0.03
0.03
0.03
0.02
0.02
0.02
0.02
0.02
0.02
0.02
0.02
0.02
0.02
0.02
0.03
0.03
0.03
0.03
0.03
0.03
0.03
0.03
0.03
0.04
0.04
0.04
0.04
0.04
0.04
0.05
0.05
0.05
0.05
0.05
0.04
0.04
0.04
0.04
0.03
0.03
0.02
0.01
0.0
-0.0
-0.01
-0.02
-0.03
-0.04
-0.05
-0.05
-0.06
-0.06
-0.07
-0.07
-0.07
-0.07
-0.08
-0.08
-0.08
-0.07
-0.07
-0.07
-0.07
-0.06
-0.06
-0.05
-0.05
-0.04
-0.03
-0.02
-0.02
-0.01
0.0
0.01
0.02
0.02
0.03
0.03
0.03
0.04
0.04
0.03
0.03
0.03
0.02
0.02
0.01
0.01
0.01
0.0
-0.0
-0.0
-0.0
-0.01
-0.01
-0.0
-0.0
-0.0
0.0
0.0
0.0
0.01
0.01
0.01
0.01
0.01
0.02
0.02
0.03
0.03
0.03
0.04
0.04
0.04
0.04
0.04
0.04
0.04
0.04
0.03
0.03
0.03
0.02
0.02
0.01
0.01
0.01
0.0
-0.0
-0.01
-0.01
-0.01
-0.02
-0.02
-0.02
-0.03
-0.03
-0.03
-0.03
-0.03
-0.03
-0.03
-0.03
-0.02
-0.02
-0.01
-0.0
0.0
0.01
0.02
0.02
0.03
0.04
0.04
0.05
