-0.38
-0.26
-0.26
-0.26
-0.26
-0.26
-0.25
-0.25
-0.24
-0.22
-0.21
-0.19
-0.17
-0.15
-0.13
-0.1
-0.08
-0.05
-0.03
-0.01
0.02
0.04
0.05
0.07
0.08
0.09
0.1
0.11
0.11
0.11
0.1
0.1
0.09
0.08
0.06
0.05
0.03
0.01
-0.0
-0.02
-0.04
-0.06
-0.07
-0.09
-0.1
-0.11
-0.12
-0.13
-0.14
-0.15
-0.15
-0.15
-0.15
-0.15
-0.14
-0.14
-0.13
-0.12
-0.11
-0.1
-0.09
-0.09
-0.08
-0.07
-0.05
-0.04
-0.03
-0.02
-0.02
-0.01
-0.0
0.01
0.01
0.01
0.01
0.01
0.01
0.01
0.01
0.01
0.01
0.0
0.0
-0.0
-0.01
-0.01
-0.02
-0.03
-0.03
-0.03
-0.04
-0.04
-0.04
-0.04
-0.04
-0.04
-0.03
-0.03
-0.02
-0.02
-0.01
-0.0
0.0
0.01
0.01
0.02
0.02
0.02
0.02
0.02
0.01
0.01
0.0
-0.01
-0.02
-0.03
-0.04
-0.05
-0.06
-0.07
-0.08
-0.09
-0.1
-0.11
-0.12
-0.13
-0.13
-0.14
-0.14
-0.14
-0.14
-0.14
-0.13
-0.12
-0.11
-0.1
-0.09
-0.08
-0.06
-0.05
-0.03
-0.02
-0.0
0.01
0.02
0.04
0.05
0.06
0.07
0.08
0.08
0.09
0.09
0.09
0.09
0.09
0.09
0.08
0.07
0.06
0.05
0.04
0.03
0.01
-0.0
-0.01
-0.03
-0.04
-0.05
-0.06
-0.07
-0.07
-0.08
-0.08
-0.09
-0.09
-0.09
-0.1
-0.1
-0.1
-0.1
-0.1
-0.1
-0.1
-0.1
-0.1
-0.1
-0.09
-0.09
-0.08
-0.08
-0.08
-0.08
-0.08
-0.08
-0.08
-0.08
-0.09
-0.09
-0.1
-0.11
-0.12
-0.13
-0.14
-0.15
-0.16
-0.18
-0.19
-0.21
-0.22
-0.24
-0.25
-0.27
-0.28
-0.3
-0.31
-0.32
-0.33
-0.34
-0.35
-0.35
-0.36
-0.35
-0.35
-0.34
-0.34
-0.32
-0.31
-0.3
-0.28
-0.25
-0.23
-0.19
-0.15
-0.1
-0.04
0.02
0.09
0.15
0.22
0.28
0.33
0.37
0.4
0.42
0.43
0.42
0.39
0.36
0.31
0.26
0.2
0.13
0.07
0.01
-0.04
-0.09
-0.13
-0.15
-0.17
-0.18
-0.17
-0.16
-0.14
-0.11
-0.08
-0.04
0.0
0.05
0.09
0.13
0.17
0.2
0.23
0.26
0.27
0.29
0.3
0.31
0.31
0.32
0.32
0.33
0.34
0.35
0.36
0.38
0.39
0.4
0.41
0.42
0.43
0.43
0.42
0.41
0.4
0.38
0.35
0.33
0.3
0.27
0.25
0.24
0.24
0.24
0.25
0.25
0.26
0.27
0.27
0.25
0.23
0.18
0.13
0.06
-0.02
-0.11
-0.2
-0.3
-0.4
-0.49
-0.58
-0.66
-0.74
-0.8
-0.86
-0.9
-0.94
-0.98
-1.0
-1.03
-1.05
-1.06
-1.07
-1.08
-1.09
-1.09
-1.09
-1.08
-1.07
-1.06
-1.04
-1.01
-0.98
-0.94
-0.89
-0.83
-0.77
-0.69
-0.62
-0.53
-0.45
-0.37
-0.28
-0.21
-0.13
-0.05
0.02
0.09
0.16
0.24
0.32
0.4
0.49
0.58
0.68
0.78
0.88
0.99
1.09
1.19
1.29
1.38
1.47
1.55
1.62
1.68
1.73
1.77
1.8
1.83
1.85
1.86
1.87
1.86
1.85
1.82
1.77
1.71
1.62
1.5
1.36
1.19
1.0
0.78
0.55
0.3
0.04
-0.21
-0.46
-0.7
-0.93
-1.13
-1.31
-1.47
-1.61
-1.72
-1.82
-1.9
-1.96
-2.0
-2.04
-2.07
-2.09
-2.1
-2.11
-2.1
-2.09
-2.06
-2.03
-1.98
-1.92
-1.84
-1.76
-1.66
-1.55
-1.43
-1.31
-1.17
-1.03
-0.88
-0.73
-0.57
-0.41
-0.25
-0.1
0.06
0.21
0.36
0.51
0.65
0.78
0.9
1.02
1.12
1.22
1.3
1.38
1.45
1.52
1.59
1.66
1.73
1.8
1.86
1.92
1.97
2.0
2.01
2.0
1.97
1.9
1.8
1.67
1.51
1.33
1.12
0.88
0.63
0.37
0.11
-0.16
-0.42
-0.67
-0.9
-1.12
-1.32
-1.49
-1.64
-1.76
-1.86
-1.93
-1.98
-2.0
-2.01
-1.99
-1.96
-1.91
-1.85
-1.78
-1.71
-1.62
-1.53
-1.44
-1.34
-1.23
-1.13
-1.01
-0.9
-0.77
-0.65
-0.51
-0.37
-0.23
-0.08
0.08
0.23
0.39
0.56
0.72
0.88
1.04
1.19
1.34
1.48
1.6
1.71
1.8
1.87
1.93
1.97
1.99
2.0
1.99
1.95
1.9
1.82
1.73
1.6
1.45
1.28
1.09
0.87
0.63
0.38
0.12
-0.15
-0.41
-0.68
-0.93
-1.17
-1.39
-1.58
-1.75
-1.9
-2.01
-2.1
-2.16
-2.19
-2.2
-2.19
-2.16
-2.12
-2.06
-2.0
-1.93
-1.86
-1.79
-1.71
-1.63
-1.55
-1.47
-1.38
-1.29
-1.19
-1.09
-0.98
-0.87
-0.75
-0.63
-0.5
-0.37
-0.23
-0.08
0.07
0.22
0.38
0.54
0.71
0.87
1.04
1.2
1.36
1.51
1.65
1.79
1.91
2.03
2.14
2.24
2.33
2.41
2.48
2.53
2.56
2.57
2.55
2.51
2.43
2.31
2.17
1.99
1.77
1.53
1.27
0.99
0.7
0.4
0.1
-0.19
-0.47
-0.74
-0.99
-1.23
-1.44
-1.63
-1.8
-1.94
-2.06
-2.14
-2.21
-2.24
-2.25
-2.24
-2.2
-2.14
-2.06
-1.96
-1.85
-1.73
-1.6
-1.47
-1.33
-1.19
-1.06
-0.93
-0.8
-0.68
-0.56
-0.46
-0.35
-0.26
-0.16
-0.07
0.01
0.09
0.18
0.26
0.35
0.44
0.53
0.63
0.73
0.83
0.93
1.04
1.14
1.24
1.35
1.45
1.54
1.63
1.71
1.78
1.83
1.86
1.86
1.83
1.78
1.69
1.57
1.41
1.23
1.02
0.78
0.52
0.25
-0.03
-0.32
-0.6
-0.88
-1.15
-1.39
-1.62
-1.82
-1.99
-2.14
-2.25
-2.33
-2.38
-2.4
-2.39
-2.35
-2.29
-2.21
-2.12
-2.01
-1.89
-1.77
-1.64
-1.51
-1.39
-1.26
-1.14
-1.02
-0.91
-0.8
-0.69
-0.59
-0.49
-0.4
-0.3
-0.21
-0.12
-0.03
0.07
0.16
0.27
0.38
0.49
0.61
0.72
0.84
0.96
1.08
1.2
1.31
1.43
1.55
1.67
1.79
1.91
2.01
2.11
2.18
2.24
2.27
2.28
2.26
2.21
2.14
2.03
1.91
1.76
1.59
1.41
1.22
1.02
0.82
0.62
0.43
0.23
0.05
-0.13
-0.31
-0.47
-0.63
-0.78
-0.93
-1.07
-1.2
-1.32
-1.44
-1.55
-1.64
-1.73
-1.8
-1.87
-1.91
-1.95
-1.97
-1.98
-1.98
-1.97
-1.94
-1.91
-1.86
-1.79
-1.72
-1.62
-1.52
-1.4
-1.26
-1.11
-0.95
-0.78
-0.6
-0.42
-0.23
-0.05
0.14
0.31
0.48
0.64
0.8
0.94
1.09
1.22
1.36
1.49
1.63
1.76
1.89
2.02
2.12
2.21
2.27
2.29
2.28
2.24
2.15
2.03
1.88
1.69
1.48
1.26
1.02
0.77
0.53
0.28
0.05
-0.17
-0.39
-0.58
-0.77
-0.94
-1.09
-1.24
-1.37
-1.5
-1.61
-1.72
-1.82
-1.91
-1.99
-2.06
-2.12
-2.16
-2.19
-2.21
-2.21
-2.19
-2.16
-2.11
-2.04
-1.96
-1.85
-1.74
-1.61
-1.46
-1.31
-1.14
-0.97
-0.78
-0.59
-0.4
-0.2
0.0
0.21
0.41
0.62
0.82
1.01
1.2
1.38
1.55
1.71
1.86
2.01
2.14
2.27
2.39
2.5
2.6
2.67
2.72
2.74
2.73
2.68
2.6
2.49
2.34
2.16
1.96
1.73
1.49
1.23
0.97
0.7
0.44
0.18
-0.07
-0.3
-0.53
-0.74
-0.94
-1.11
-1.28
-1.43
-1.56
-1.67
-1.77
-1.86
-1.93
-1.98
-2.02
-2.05
-2.07
-2.07
-2.05
-2.03
-1.99
-1.93
-1.87
-1.79
-1.7
-1.6
-1.49
-1.37
-1.24
-1.11
-0.97
-0.83
-0.69
-0.54
-0.39
-0.24
-0.08
0.08
0.25
0.42
0.59
0.76
0.93
1.09
1.24
1.39
1.52
1.64
1.75
1.85
1.94
2.01
2.08
2.12
2.15
2.16
2.14
2.1
2.02
1.91
1.77
1.59
1.39
1.15
0.9
0.62
0.33
0.04
-0.25
-0.53
-0.79
-1.04
-1.27
-1.47
-1.65
-1.81
-1.94
-2.04
-2.12
-2.18
-2.22
-2.24
-2.24
-2.22
-2.18
-2.13
-2.06
-1.98
-1.89
-1.79
-1.68
-1.56
-1.43
-1.3
-1.16
-1.03
-0.88
-0.74
-0.6
-0.46
-0.33
-0.19
-0.06
0.06
0.19
0.32
0.45
0.58
0.71
0.85
0.99
1.13
1.27
1.41
1.53
1.65
1.76
1.86
1.95
2.04
2.11
2.18
2.24
2.29
2.32
2.34
2.33
2.3
2.25
2.18
2.07
1.94
1.77
1.59
1.38
1.15
0.9
0.64
0.38
0.12
-0.15
-0.4
-0.64
-0.86
-1.07
-1.25
-1.41
-1.55
-1.67
-1.76
-1.83
-1.89
-1.92
-1.94
-1.93
-1.92
-1.89
-1.84
-1.79
-1.72
-1.65
-1.56
-1.48
-1.38
-1.29
-1.19
-1.1
-1.0
-0.9
-0.8
-0.71
-0.61
-0.52
-0.42
-0.33
-0.23
-0.12
-0.02
0.1
0.22
0.34
0.46
0.58
0.7
0.82
0.93
1.04
1.15
1.25
1.36
1.45
1.54
1.62
1.69
1.74
1.76
1.77
1.75
1.7
1.62
1.52
1.39
1.24
1.07
0.87
0.67
0.45
0.22
-0.01
-0.24
-0.46
-0.68
-0.89
-1.09
-1.27
-1.44
-1.6
-1.73
-1.84
-1.93
-2.01
-2.06
-2.09
-2.1
-2.09
-2.06
-2.02
-1.96
-1.89
-1.82
-1.73
-1.64
-1.54
-1.44
-1.34
-1.23
-1.13
-1.03
-0.92
-0.82
-0.72
-0.61
-0.5
-0.39
-0.27
-0.15
-0.01
0.13
0.28
0.44
0.61
0.77
0.94
1.1
1.26
1.42
1.56
1.7
1.83
1.94
2.03
2.11
2.17
2.2
2.21
2.2
2.16
2.1
2.01
1.91
1.78
1.64
1.48
1.31
1.13
0.95
0.76
0.57
0.38
0.2
0.01
-0.17
-0.35
-0.52
-0.68
-0.83
-0.98
-1.11
-1.23
-1.34
-1.44
-1.52
-1.59
-1.65
-1.69
-1.72
-1.74
-1.75
-1.75
-1.73
-1.72
-1.69
-1.66
-1.62
-1.57
-1.51
-1.45
-1.38
-1.3
-1.2
-1.1
-0.98
-0.85
-0.71
-0.55
-0.39
-0.21
-0.03
0.16
0.35
0.54
0.72
0.91
1.08
1.25
1.41
1.56
1.7
1.83
1.95
2.05
2.15
2.24
2.32
2.38
2.43
2.46
2.47
2.45
2.4
2.31
2.18
2.02
1.81
1.57
1.3
1.0
0.69
0.36
0.03
-0.3
-0.62
-0.92
-1.2
-1.45
-1.68
-1.87
-2.03
-2.15
-2.25
-2.31
-2.34
-2.34
-2.32
-2.27
-2.2
-2.12
-2.02
-1.91
-1.79
-1.67
-1.54
-1.41
-1.28
-1.15
-1.02
-0.89
-0.77
-0.65
-0.53
-0.43
-0.33
-0.24
-0.16
-0.09
-0.03
0.03
0.08
0.12
0.17
0.21
0.26
0.31
0.36
0.42
0.47
0.53
0.59
0.66
0.72
0.78
0.83
0.89
0.95
1.01
1.07
1.14
1.21
1.28
1.34
1.4
1.44
1.47
1.48
1.46
1.42
1.35
1.26
1.15
1.02
0.87
0.7
0.53
0.35
0.17
-0.0
-0.18
-0.35
-0.51
-0.66
-0.8
-0.93
-1.04
-1.14
-1.22
-1.29
-1.34
-1.38
-1.4
-1.41
-1.4
-1.38
-1.35
-1.31
-1.25
-1.19
-1.13
-1.06
-0.98
-0.9
-0.83
-0.75
-0.67
-0.6
-0.52
-0.45
-0.39
-0.33
-0.27
-0.22
-0.17
-0.12
-0.08
-0.04
-0.01
0.02
0.05
0.07
0.1
0.12
0.15
0.17
0.2
0.24
0.27
0.31
0.34
0.37
0.4
0.43
0.45
0.46
0.46
0.45
0.44
0.41
0.37
0.33
0.27
0.21
0.15
0.08
0.02
-0.05
-0.1
-0.16
-0.2
-0.24
-0.27
-0.3
-0.32
-0.33
-0.34
-0.34
-0.34
-0.34
-0.35
-0.35
-0.35
-0.35
-0.35
-0.35
-0.36
-0.36
-0.36
-0.35
-0.35
-0.34
-0.34
-0.33
-0.31
-0.3
-0.28
-0.26
-0.24
-0.22
-0.2
-0.17
-0.15
-0.13
-0.1
-0.08
-0.05
-0.03
0.0
0.03
0.06
0.09
0.12
0.15
0.18
0.21
0.23
0.26
0.29
0.31
0.33
0.35
0.36
0.37
0.38
0.39
0.39
0.38
0.38
0.36
0.35
0.32
0.3
0.27
0.24
0.2
0.16
0.12
0.08
0.04
0.0
-0.04
-0.08
-0.11
-0.15
-0.18
-0.21
-0.24
-0.27
-0.29
-0.31
-0.33
-0.34
-0.35
-0.35
-0.35
-0.35
-0.34
-0.33
-0.32
-0.3
-0.29
-0.27
-0.25
-0.22
-0.2
-0.17
-0.15
-0.12
-0.09
-0.07
-0.05
-0.02
-0.0
0.02
0.04
0.05
0.07
0.08
0.09
0.1
0.11
0.11
0.12
0.12
0.12
0.12
0.12
0.12
0.11
0.11
0.1
0.09
0.09
0.08
0.07
0.06
0.05
0.04
0.04
0.03
0.02
0.02
0.01
0.01
0.01
0.0
-0.0
-0.01
-0.01
-0.01
-0.02
-0.02
-0.02
-0.02
-0.03
-0.03
-0.03
-0.03
-0.04
-0.04
-0.04
-0.04
-0.04
-0.05
-0.05
-0.05
-0.05
-0.05
-0.06
-0.06
-0.06
-0.07
-0.07
-0.08
-0.09
-0.1
-0.1
-0.11
-0.12
-0.13
-0.14
-0.14
-0.15
-0.16
-0.16
-0.17
-0.17
-0.17
-0.17
-0.17
-0.17
-0.17
-0.16
-0.15
-0.14
-0.13
-0.12
-0.1
-0.08
-0.07
-0.05
-0.03
-0.02
-0.0
0.01
0.02
0.03
0.04
0.04
0.04
0.04
0.04
0.04
0.04
0.03
0.03
0.02
0.02
0.01
0.01
0.0
-0.0
-0.01
-0.02
-0.02
-0.03
-0.03
-0.03
-0.04
-0.04
-0.04
-0.04
-0.04
-0.04
-0.04
-0.05
-0.05
-0.05
-0.05
-0.05
-0.05
-0.06
-0.06
-0.07
-0.07
-0.07
-0.08
-0.08
-0.08
-0.09
-0.09
-0.09
-0.09
-0.09
-0.09
-0.09
-0.09
-0.09
-0.09
-0.09
-0.09
-0.09
-0.09
-0.09
-0.09
-0.09
-0.09
-0.09
-0.08
-0.08
-0.08
-0.07
-0.07
-0.06
-0.05
-0.04
-0.03
-0.03
-0.02
-0.01
-0.0
0.0
0.01
0.01
0.01
0.02
0.01
0.01
0.01
0.0
-0.0
-0.01
-0.01
-0.02
-0.03
-0.04
-0.05
-0.05
-0.06
-0.07
-0.08
-0.08
-0.09
-0.1
-0.1
-0.11
-0.11
-0.11
-0.11
-0.12
-0.11
-0.11
-0.11
-0.11
-0.11
-0.1
-0.1
-0.1
-0.09
-0.09
-0.09
-0.08
-0.08
-0.07
-0.07
-0.06
-0.05
-0.04
-0.04
-0.03
-0.01
-0.0
0.01
0.02
0.04
0.05
0.06
0.07
0.08
0.09
0.09
0.1
0.1
0.1
0.09
0.09
0.08
0.07
0.07
0.06
0.05
0.04
0.03
0.03
0.02
0.01
0.0
-0.01
-0.02
-0.02
-0.03
-0.04
-0.05
-0.06
-0.06
-0.07
-0.08
-0.08
-0.09
-0.09
-0.09
-0.09
-0.08
-0.08
-0.08
-0.07
-0.06
-0.06
-0.05
-0.04
-0.04
-0.03
-0.02
-0.01
-0.01
-0.0
0.0
0.01
0.01
0.02
0.02
0.02
0.03
0.03
0.03
0.03
0.02
0.02
0.02
0.01
0.01
0.0
-0.0
-0.01
-0.02
-0.02
-0.03
-0.03
-0.04
-0.05
-0.05
-0.06
-0.06
-0.07
-0.08
-0.08
-0.09
-0.1
-0.1
-0.11
-0.11
-0.12
-0.12
-0.12
-0.12
-0.12
-0.12
-0.12
-0.12
-0.12
-0.12
-0.11
-0.11
-0.1
-0.09
-0.09
-0.08
-0.07
-0.06
-0.06
-0.05
-0.04
-0.04
-0.03
-0.02
-0.02
-0.01
-0.01
-0.01
-0.0
-0.0
-0.0
0.0
0.0
0.0
0.0
-0.0
-0.0
-0.0
-0.01
-0.01
-0.01
-0.01
-0.01
-0.02
-0.02
-0.02
-0.02
-0.02
-0.02
-0.02
-0.02
-0.02
-0.02
-0.02
-0.02
-0.03
-0.03
-0.04
-0.04
-0.05
-0.05
-0.06
-0.07
-0.07
-0.08
-0.09
-0.09
-0.1
-0.1
-0.1
-0.11
-0.11
-0.11
-0.11
-0.11
-0.11
-0.11
-0.1
-0.1
-0.1
-0.09
-0.09
-0.09
-0.08
-0.08
-0.08
-0.07
-0.07
-0.06
-0.06
-0.05
-0.05
-0.04
-0.03
-0.03
-0.02
-0.01
-0.0
0.0
0.01
0.01
0.01
0.01
0.01
0.01
0.01
0.01
0.0
0.0
-0.0
-0.0
-0.01
-0.01
-0.02
-0.02
-0.03
-0.04
-0.04
-0.05
-0.05
-0.06
-0.06
-0.07
-0.07
-0.07
-0.07
-0.07
-0.07
-0.07
-0.07
-0.06
-0.06
-0.05
-0.05
-0.04
-0.03
-0.02
-0.01
-0.0
0.01
0.01
0.02
0.03
0.04
0.05
0.06
0.06
0.07
0.07
0.07
0.07
0.07
0.07
0.06
0.06
0.05
0.04
0.03
0.02
0.01
0.0
-0.01
-0.02
-0.04
-0.05
-0.06
-0.08
-0.09
-0.1
-0.12
-0.13
-0.14
-0.15
-0.16
-0.17
-0.17
-0.18
-0.18
-0.18
-0.18
-0.18
-0.17
-0.17
-0.16
-0.15
-0.14
-0.13
-0.12
-0.11
-0.1
-0.09
-0.07
-0.06
-0.05
-0.04
-0.03
-0.02
-0.01
-0.0
0.0
0.01
