0.01
0.0
-0.0
-0.01
-0.02
-0.03
-0.03
-0.04
-0.05
-0.06
-0.06
-0.07
-0.08
-0.09
-0.1
-0.1
-0.11
-0.12
-0.12
-0.13
-0.13
-0.14
-0.14
-0.14
-0.14
-0.15
-0.15
-0.15
-0.14
-0.14
-0.14
-0.13
-0.13
-0.12
-0.11
-0.1
-0.1
-0.09
-0.08
-0.07
-0.06
-0.05
-0.04
-0.03
-0.02
-0.01
-0.0
0.0
0.01
0.02
0.02
0.03
0.03
0.04
0.04
0.05
0.05
0.05
0.05
0.05
0.05
0.04
0.04
0.03
0.03
0.02
0.01
0.0
-0.01
-0.02
-0.03
-0.04
-0.05
-0.06
-0.07
-0.08
-0.09
-0.1
-0.11
-0.11
-0.12
-0.12
-0.13
-0.13
-0.13
-0.13
-0.13
-0.13
-0.13
-0.12
-0.12
-0.12
-0.11
-0.11
-0.1
-0.09
-0.09
-0.08
-0.08
-0.07
-0.07
-0.06
-0.06
-0.05
-0.05
-0.04
-0.04
-0.03
-0.03
-0.03
-0.02
-0.02
-0.02
-0.02
-0.02
-0.02
-0.02
-0.03
-0.03
-0.03
-0.04
-0.04
-0.04
-0.05
-0.05
-0.06
-0.06
-0.07
-0.07
-0.08
-0.08
-0.08
-0.09
-0.09
-0.09
-0.09
-0.09
-0.09
-0.09
-0.09
-0.09
-0.09
-0.08
-0.08
-0.08
-0.07
-0.07
-0.07
-0.07
-0.06
-0.06
-0.05
-0.05
-0.05
-0.05
-0.04
-0.04
-0.04
-0.04
-0.04
-0.04
-0.04
-0.05
-0.05
-0.05
-0.05
-0.06
-0.06
-0.06
-0.06
-0.06
-0.06
-0.06
-0.07
-0.07
-0.07
-0.07
-0.08
-0.08
-0.08
-0.09
-0.09
-0.1
-0.1
-0.11
-0.11
-0.11
-0.11
-0.12
-0.12
-0.12
-0.12
-0.11
-0.11
-0.11
-0.11
-0.1
-0.1
-0.09
-0.09
-0.08
-0.07
-0.07
-0.06
-0.06
-0.05
-0.04
-0.04
-0.03
-0.03
-0.03
-0.02
-0.02
-0.01
-0.01
-0.01
-0.01
-0.0
-0.0
-0.0
-0.01
-0.01
-0.01
-0.01
-0.01
-0.01
-0.01
-0.01
-0.01
-0.01
-0.0
-0.0
-0.0
0.0
0.0
-0.0
-0.01
-0.01
-0.02
-0.03
-0.03
-0.04
-0.05
-0.06
-0.06
-0.07
-0.07
-0.08
-0.08
-0.08
-0.08
-0.08
-0.08
-0.08
-0.08
-0.08
-0.08
-0.08
-0.08
-0.08
-0.08
-0.07
-0.07
-0.06
-0.06
-0.06
-0.05
-0.05
-0.05
-0.05
-0.05
-0.06
-0.06
-0.07
-0.08
-0.09
-0.1
-0.12
-0.13
-0.14
-0.15
-0.17
-0.18
-0.19
-0.2
-0.21
-0.21
-0.22
-0.22
-0.22
-0.21
-0.2
-0.2
-0.18
-0.17
-0.16
-0.15
-0.13
-0.12
-0.11
-0.09
-0.08
-0.06
-0.05
-0.04
-0.02
-0.01
0.0
0.01
0.02
0.03
0.04
0.05
0.06
0.06
0.07
0.08
0.08
0.09
0.1
0.1
0.11
0.12
0.12
0.13
0.13
0.13
0.13
0.13
0.12
0.12
0.11
0.1
0.08
0.07
0.05
0.03
0.01
-0.02
-0.04
-0.07
-0.1
-0.12
-0.15
-0.18
-0.21
-0.24
-0.26
-0.28
-0.3
-0.32
-0.33
-0.34
-0.35
-0.36
-0.36
-0.36
-0.36
-0.35
-0.35
-0.34
-0.33
-0.32
-0.31
-0.3
-0.29
-0.28
-0.27
-0.26
-0.25
-0.24
-0.23
-0.23
-0.22
-0.22
-0.22
-0.22
-0.22
-0.22
-0.22
-0.22
-0.22
-0.22
-0.22
-0.22
-0.22
-0.22
-0.23
-0.24
-0.25
-0.26
-0.27
-0.27
-0.27
-0.26
-0.24
-0.22
-0.19
-0.15
-0.11
-0.06
-0.02
0.03
0.07
0.11
0.14
0.16
0.17
0.17
0.16
0.14
0.12
0.09
0.05
0.01
-0.03
-0.07
-0.11
-0.15
-0.18
-0.21
-0.23
-0.24
-0.24
-0.23
-0.21
-0.19
-0.16
-0.13
-0.09
-0.04
-0.0
0.04
0.09
0.13
0.18
0.22
0.27
0.32
0.37
0.42
0.47
0.52
0.57
0.62
0.66
0.71
0.75
0.79
0.82
0.85
0.88
0.9
0.92
0.93
0.93
0.92
0.9
0.87
0.84
0.81
0.78
0.74
0.71
0.69
0.67
0.65
0.63
0.61
0.58
0.55
0.5
0.44
0.37
0.29
0.2
0.1
-0.01
-0.13
-0.24
-0.36
-0.47
-0.57
-0.67
-0.76
-0.83
-0.9
-0.95
-0.99
-1.03
-1.06
-1.08
-1.1
-1.12
-1.14
-1.16
-1.17
-1.19
-1.21
-1.23
-1.24
-1.25
-1.25
-1.25
-1.24
-1.22
-1.19
-1.15
-1.1
-1.05
-0.98
-0.91
-0.83
-0.74
-0.65
-0.56
-0.46
-0.36
-0.26
-0.16
-0.06
0.03
0.13
0.22
0.3
0.38
0.46
0.54
0.6
0.67
0.72
0.77
0.81
0.84
0.87
0.88
0.89
0.88
0.87
0.84
0.81
0.78
0.74
0.7
0.67
0.63
0.6
0.57
0.53
0.49
0.45
0.41
0.35
0.29
0.23
0.16
0.08
0.01
-0.07
-0.14
-0.22
-0.28
-0.35
-0.41
-0.46
-0.51
-0.56
-0.61
-0.65
-0.7
-0.74
-0.78
-0.82
-0.86
-0.9
-0.93
-0.96
-0.99
-1.01
-1.03
-1.04
-1.04
-1.04
-1.03
-1.01
-0.99
-0.97
-0.93
-0.9
-0.85
-0.81
-0.76
-0.7
-0.64
-0.58
-0.51
-0.44
-0.37
-0.29
-0.21
-0.12
-0.03
0.06
0.16
0.26
0.36
0.46
0.56
0.65
0.73
0.81
0.88
0.94
0.99
1.04
1.09
1.13
1.18
1.23
1.29
1.34
1.39
1.43
1.47
1.49
1.49
1.48
1.44
1.39
1.31
1.22
1.11
0.98
0.85
0.7
0.54
0.39
0.22
0.06
-0.1
-0.26
-0.41
-0.56
-0.7
-0.84
-0.96
-1.07
-1.18
-1.27
-1.35
-1.41
-1.47
-1.51
-1.54
-1.57
-1.58
-1.58
-1.58
-1.56
-1.53
-1.49
-1.44
-1.39
-1.32
-1.25
-1.18
-1.1
-1.01
-0.92
-0.82
-0.71
-0.6
-0.48
-0.35
-0.22
-0.08
0.06
0.2
0.35
0.49
0.62
0.75
0.86
0.97
1.06
1.14
1.21
1.26
1.3
1.34
1.36
1.37
1.37
1.35
1.32
1.27
1.21
1.13
1.04
0.93
0.8
0.67
0.52
0.36
0.21
0.04
-0.12
-0.28
-0.43
-0.58
-0.72
-0.84
-0.96
-1.07
-1.16
-1.24
-1.31
-1.37
-1.41
-1.45
-1.47
-1.48
-1.47
-1.46
-1.43
-1.39
-1.35
-1.29
-1.23
-1.15
-1.07
-0.99
-0.89
-0.8
-0.7
-0.6
-0.5
-0.4
-0.31
-0.21
-0.12
-0.03
0.06
0.15
0.23
0.31
0.38
0.45
0.52
0.59
0.65
0.71
0.77
0.82
0.87
0.92
0.97
1.01
1.06
1.12
1.17
1.23
1.29
1.34
1.38
1.4
1.41
1.4
1.37
1.31
1.23
1.12
1.0
0.85
0.69
0.52
0.35
0.17
-0.01
-0.18
-0.35
-0.51
-0.66
-0.79
-0.91
-1.02
-1.12
-1.2
-1.28
-1.33
-1.38
-1.41
-1.43
-1.44
-1.44
-1.42
-1.4
-1.36
-1.32
-1.27
-1.22
-1.16
-1.1
-1.03
-0.96
-0.89
-0.82
-0.74
-0.67
-0.58
-0.5
-0.41
-0.32
-0.23
-0.14
-0.05
0.05
0.13
0.22
0.31
0.39
0.47
0.54
0.6
0.66
0.71
0.75
0.78
0.81
0.83
0.85
0.88
0.9
0.93
0.95
0.96
0.97
0.98
0.97
0.95
0.91
0.87
0.8
0.73
0.65
0.55
0.44
0.33
0.21
0.09
-0.04
-0.17
-0.3
-0.42
-0.54
-0.66
-0.77
-0.87
-0.97
-1.06
-1.14
-1.22
-1.29
-1.35
-1.4
-1.44
-1.47
-1.5
-1.52
-1.52
-1.52
-1.51
-1.49
-1.46
-1.41
-1.36
-1.3
-1.24
-1.16
-1.08
-1.0
-0.91
-0.82
-0.72
-0.62
-0.52
-0.41
-0.29
-0.17
-0.04
0.1
0.24
0.39
0.53
0.67
0.8
0.93
1.04
1.15
1.24
1.33
1.41
1.49
1.57
1.64
1.71
1.77
1.82
1.86
1.88
1.89
1.88
1.84
1.79
1.71
1.61
1.49
1.35
1.2
1.02
0.84
0.65
0.45
0.26
0.06
-0.12
-0.3
-0.46
-0.62
-0.75
-0.87
-0.98
-1.07
-1.15
-1.21
-1.26
-1.29
-1.31
-1.32
-1.32
-1.32
-1.3
-1.28
-1.26
-1.22
-1.19
-1.15
-1.1
-1.06
-1.0
-0.95
-0.89
-0.82
-0.75
-0.68
-0.61
-0.53
-0.45
-0.37
-0.29
-0.21
-0.13
-0.05
0.03
0.09
0.16
0.21
0.25
0.29
0.32
0.35
0.38
0.42
0.46
0.51
0.57
0.63
0.69
0.74
0.79
0.82
0.84
0.83
0.81
0.77
0.71
0.64
0.55
0.46
0.36
0.25
0.14
0.04
-0.06
-0.16
-0.26
-0.34
-0.42
-0.5
-0.57
-0.63
-0.69
-0.74
-0.79
-0.83
-0.87
-0.91
-0.94
-0.96
-0.98
-1.0
-1.0
-1.0
-1.0
-0.98
-0.96
-0.94
-0.91
-0.87
-0.82
-0.77
-0.72
-0.66
-0.6
-0.53
-0.46
-0.38
-0.3
-0.21
-0.12
-0.02
0.07
0.17
0.28
0.38
0.48
0.57
0.67
0.75
0.84
0.92
1.0
1.07
1.15
1.23
1.3
1.37
1.43
1.47
1.5
1.51
1.5
1.47
1.42
1.34
1.25
1.14
1.01
0.88
0.73
0.57
0.41
0.25
0.09
-0.06
-0.21
-0.35
-0.48
-0.6
-0.72
-0.82
-0.91
-0.99
-1.06
-1.12
-1.17
-1.2
-1.22
-1.23
-1.23
-1.22
-1.2
-1.17
-1.14
-1.09
-1.04
-0.99
-0.94
-0.88
-0.82
-0.76
-0.7
-0.63
-0.57
-0.5
-0.43
-0.36
-0.29
-0.22
-0.16
-0.09
-0.03
0.04
0.1
0.16
0.23
0.29
0.35
0.42
0.48
0.55
0.61
0.67
0.72
0.76
0.8
0.84
0.87
0.89
0.9
0.91
0.91
0.89
0.87
0.83
0.78
0.71
0.64
0.55
0.46
0.36
0.26
0.15
0.04
-0.07
-0.18
-0.28
-0.38
-0.47
-0.56
-0.65
-0.73
-0.81
-0.89
-0.96
-1.03
-1.09
-1.15
-1.19
-1.23
-1.26
-1.29
-1.3
-1.3
-1.29
-1.28
-1.25
-1.21
-1.17
-1.11
-1.05
-0.99
-0.92
-0.84
-0.77
-0.69
-0.61
-0.53
-0.45
-0.37
-0.29
-0.21
-0.13
-0.05
0.03
0.12
0.21
0.3
0.4
0.5
0.61
0.71
0.8
0.89
0.96
1.03
1.08
1.13
1.16
1.19
1.21
1.22
1.23
1.22
1.21
1.19
1.15
1.1
1.03
0.94
0.84
0.72
0.59
0.44
0.29
0.14
-0.02
-0.17
-0.32
-0.46
-0.58
-0.7
-0.79
-0.88
-0.94
-0.99
-1.03
-1.04
-1.05
-1.04
-1.01
-0.97
-0.93
-0.87
-0.81
-0.74
-0.67
-0.61
-0.54
-0.48
-0.42
-0.37
-0.33
-0.29
-0.26
-0.24
-0.23
-0.22
-0.22
-0.22
-0.23
-0.23
-0.23
-0.23
-0.23
-0.22
-0.21
-0.19
-0.16
-0.12
-0.08
-0.02
0.04
0.11
0.19
0.26
0.34
0.43
0.51
0.59
0.68
0.76
0.85
0.93
1.02
1.09
1.16
1.21
1.24
1.26
1.25
1.22
1.17
1.09
1.0
0.88
0.75
0.6
0.45
0.28
0.11
-0.05
-0.22
-0.38
-0.53
-0.68
-0.82
-0.94
-1.06
-1.16
-1.25
-1.33
-1.39
-1.45
-1.49
-1.52
-1.54
-1.55
-1.55
-1.53
-1.5
-1.46
-1.41
-1.35
-1.27
-1.19
-1.09
-0.99
-0.88
-0.78
-0.66
-0.55
-0.44
-0.34
-0.23
-0.13
-0.03
0.07
0.17
0.27
0.37
0.48
0.57
0.67
0.76
0.85
0.93
1.01
1.08
1.14
1.21
1.27
1.33
1.39
1.44
1.48
1.52
1.54
1.53
1.51
1.47
1.41
1.32
1.22
1.09
0.95
0.79
0.63
0.45
0.27
0.09
-0.09
-0.26
-0.43
-0.6
-0.75
-0.9
-1.03
-1.15
-1.25
-1.34
-1.41
-1.47
-1.5
-1.52
-1.52
-1.51
-1.48
-1.44
-1.39
-1.33
-1.27
-1.2
-1.12
-1.05
-0.98
-0.91
-0.84
-0.78
-0.72
-0.66
-0.61
-0.55
-0.5
-0.45
-0.39
-0.33
-0.27
-0.2
-0.12
-0.04
0.05
0.15
0.25
0.35
0.46
0.56
0.66
0.76
0.85
0.93
1.0
1.07
1.14
1.2
1.25
1.31
1.36
1.4
1.44
1.46
1.46
1.45
1.42
1.36
1.28
1.18
1.05
0.91
0.75
0.57
0.38
0.19
-0.01
-0.21
-0.4
-0.58
-0.75
-0.9
-1.04
-1.17
-1.27
-1.36
-1.42
-1.48
-1.51
-1.53
-1.53
-1.52
-1.49
-1.46
-1.41
-1.35
-1.29
-1.22
-1.14
-1.06
-0.98
-0.9
-0.83
-0.75
-0.68
-0.62
-0.56
-0.51
-0.46
-0.42
-0.38
-0.34
-0.31
-0.27
-0.23
-0.2
-0.16
-0.12
-0.08
-0.04
-0.01
0.03
0.06
0.08
0.11
0.13
0.15
0.17
0.18
0.19
0.19
0.2
0.2
0.21
0.21
0.22
0.24
0.28
0.32
0.38
0.45
0.53
0.62
0.7
0.77
0.83
0.88
0.9
0.91
0.89
0.86
0.81
0.74
0.66
0.57
0.48
0.38
0.28
0.19
0.09
0.0
-0.08
-0.16
-0.23
-0.29
-0.35
-0.39
-0.43
-0.47
-0.49
-0.5
-0.51
-0.51
-0.51
-0.5
-0.49
-0.47
-0.46
-0.44
-0.42
-0.4
-0.38
-0.36
-0.34
-0.32
-0.3
-0.28
-0.27
-0.25
-0.23
-0.22
-0.21
-0.2
-0.19
-0.18
-0.17
-0.16
-0.15
-0.13
-0.12
-0.09
-0.07
-0.04
-0.01
0.01
0.04
0.07
0.09
0.11
0.12
0.13
0.13
0.13
0.12
0.1
0.07
0.04
0.01
-0.03
-0.08
-0.12
-0.17
-0.22
-0.27
-0.32
-0.37
-0.41
-0.45
-0.49
-0.52
-0.54
-0.56
-0.57
-0.57
-0.57
-0.56
-0.55
-0.53
-0.51
-0.48
-0.45
-0.42
-0.39
-0.35
-0.31
-0.27
-0.23
-0.19
-0.15
-0.11
-0.07
-0.03
0.0
0.04
0.07
0.1
0.12
0.14
0.16
0.18
0.19
0.19
0.2
0.2
0.2
0.2
0.19
0.18
0.17
0.16
0.14
0.13
0.1
0.08
0.05
0.02
-0.02
-0.05
-0.09
-0.13
-0.17
-0.21
-0.24
-0.28
-0.31
-0.33
-0.36
-0.37
-0.38
-0.38
-0.37
-0.35
-0.33
-0.3
-0.27
-0.23
-0.18
-0.14
-0.09
-0.04
0.0
0.04
0.08
0.11
0.14
0.16
0.17
0.18
0.19
0.18
0.18
0.17
0.15
0.14
0.12
0.1
0.08
0.05
0.03
0.01
-0.01
-0.04
-0.06
-0.08
-0.1
-0.12
-0.14
-0.16
-0.17
-0.18
-0.19
-0.2
-0.2
-0.2
-0.2
-0.2
-0.2
-0.19
-0.19
-0.18
-0.17
-0.16
-0.15
-0.14
-0.13
-0.13
-0.12
-0.11
-0.1
-0.09
-0.07
-0.06
-0.05
-0.04
-0.03
-0.02
-0.01
-0.0
0.01
0.01
0.02
0.02
0.02
0.02
0.01
0.01
-0.0
-0.01
-0.02
-0.03
-0.04
-0.05
-0.06
-0.07
-0.07
-0.08
-0.08
-0.08
-0.08
-0.08
-0.08
-0.08
-0.07
-0.07
-0.07
-0.06
-0.06
-0.06
-0.06
-0.05
-0.05
-0.05
-0.05
-0.05
-0.05
-0.05
-0.05
-0.05
-0.05
-0.05
-0.06
-0.06
-0.06
-0.06
-0.07
-0.07
-0.07
-0.07
-0.07
-0.07
-0.07
-0.07
-0.06
-0.06
-0.05
-0.04
-0.03
-0.02
-0.01
0.0
0.01
0.02
0.03
0.04
0.04
0.04
0.04
0.04
0.03
0.03
0.02
0.01
0.0
-0.01
-0.02
-0.03
-0.04
-0.06
-0.07
-0.08
-0.09
-0.11
-0.12
-0.13
-0.14
-0.15
-0.16
-0.17
-0.18
-0.19
-0.19
-0.2
-0.2
-0.2
-0.2
-0.2
-0.19
-0.19
-0.18
-0.17
-0.16
-0.15
-0.14
-0.13
-0.12
-0.11
-0.1
-0.09
-0.08
-0.07
-0.07
-0.06
-0.05
-0.04
-0.04
-0.03
-0.03
-0.02
-0.01
-0.01
-0.0
-0.0
0.0
0.0
0.0
0.0
-0.0
-0.0
-0.01
-0.01
-0.02
-0.02
-0.03
-0.03
-0.04
-0.04
-0.04
-0.05
-0.05
-0.05
-0.05
-0.05
-0.06
-0.06
-0.06
-0.07
-0.07
-0.07
-0.07
-0.08
-0.08
-0.08
-0.08
-0.09
-0.09
-0.09
-0.09
-0.1
-0.1
-0.1
-0.11
-0.11
-0.11
-0.12
-0.12
-0.12
-0.13
-0.13
-0.14
-0.14
-0.15
-0.16
-0.16
-0.17
-0.18
-0.19
-0.2
-0.2
-0.21
-0.21
-0.21
-0.21
-0.21
-0.2
-0.19
-0.19
-0.18
-0.17
-0.16
-0.15
-0.14
-0.13
-0.12
-0.11
-0.1
-0.09
-0.08
-0.07
-0.06
-0.05
-0.04
-0.03
-0.02
-0.01
-0.0
0.0
0.01
0.02
0.02
0.02
0.02
0.02
0.02
0.02
0.02
0.02
0.01
0.01
0.01
0.01
0.01
0.01
0.01
0.01
0.01
0.01
0.01
0.01
0.01
0.01
0.01
0.01
0.01
0.01
0.01
0.01
0.01
0.0
0.0
-0.01
-0.01
-0.02
-0.03
-0.04
-0.05
-0.06
-0.07
-0.08
-0.09
-0.1
-0.11
-0.12
-0.13
-0.14
-0.14
-0.15
-0.15
-0.16
-0.16
-0.16
-0.17
-0.17
-0.16
-0.16
-0.16
-0.15
-0.14
-0.13
-0.13
-0.12
-0.11
-0.1
-0.09
-0.08
-0.07
-0.06
-0.06
-0.05
-0.04
-0.03
-0.03
-0.02
-0.02
-0.01
-0.01
-0.0
-0.0
-0.0
-0.0
-0.0
-0.01
-0.01
-0.01
