-0.25
-0.23
-0.21
-0.18
-0.16
-0.14
-0.11
-0.1
-0.08
-0.06
-0.05
-0.04
-0.03
-0.02
-0.01
0.0
0.01
0.02
0.02
0.03
0.04
0.04
0.05
0.06
0.06
0.07
0.07
0.07
0.08
0.08
0.08
0.08
0.07
0.07
0.07
0.06
0.06
0.05
0.04
0.04
0.03
0.02
0.01
0.01
0.0
-0.0
-0.01
-0.01
-0.01
-0.02
-0.02
-0.03
-0.03
-0.03
-0.04
-0.05
-0.05
-0.06
-0.06
-0.07
-0.08
-0.08
-0.09
-0.09
-0.1
-0.1
-0.1
-0.1
-0.1
-0.1
-0.1
-0.09
-0.09
-0.09
-0.08
-0.08
-0.07
-0.06
-0.06
-0.05
-0.05
-0.04
-0.04
-0.03
-0.03
-0.02
-0.02
-0.02
-0.01
-0.01
-0.01
-0.01
-0.01
-0.01
-0.01
-0.01
-0.02
-0.02
-0.02
-0.02
-0.02
-0.02
-0.02
-0.02
-0.02
-0.02
-0.02
-0.02
-0.02
-0.02
-0.01
-0.01
-0.01
-0.01
-0.01
-0.0
-0.0
-0.0
0.0
0.0
0.0
0.0
0.0
-0.0
-0.0
-0.01
-0.01
-0.02
-0.03
-0.03
-0.04
-0.05
-0.06
-0.06
-0.07
-0.08
-0.08
-0.09
-0.09
-0.09
-0.1
-0.1
-0.1
-0.1
-0.1
-0.09
-0.09
-0.09
-0.08
-0.08
-0.07
-0.06
-0.05
-0.05
-0.04
-0.03
-0.03
-0.02
-0.01
-0.01
-0.0
0.0
0.01
0.02
0.02
0.02
0.03
0.03
0.03
0.03
0.02
0.02
0.02
0.01
0.01
0.0
-0.0
-0.0
-0.01
-0.01
-0.02
-0.02
-0.02
-0.03
-0.03
-0.04
-0.05
-0.05
-0.06
-0.07
-0.07
-0.08
-0.09
-0.09
-0.1
-0.1
-0.1
-0.1
-0.11
-0.11
-0.11
-0.11
-0.11
-0.1
-0.1
-0.09
-0.09
-0.08
-0.08
-0.07
-0.06
-0.05
-0.04
-0.03
-0.02
-0.01
0.0
0.01
0.02
0.03
0.03
0.03
0.04
0.04
0.03
0.03
0.03
0.02
0.02
0.01
0.01
-0.0
-0.01
-0.01
-0.02
-0.03
-0.03
-0.04
-0.05
-0.07
-0.08
-0.1
-0.12
-0.14
-0.17
-0.19
-0.22
-0.26
-0.29
-0.32
-0.35
-0.37
-0.39
-0.39
-0.4
-0.39
-0.37
-0.34
-0.3
-0.26
-0.21
-0.15
-0.1
-0.05
0.0
0.05
0.08
0.11
0.13
0.14
0.15
0.15
0.14
0.13
0.12
0.11
0.09
0.08
0.07
0.06
0.06
0.05
0.05
0.05
0.05
0.06
0.06
0.07
0.07
0.08
0.09
0.1
0.12
0.13
0.15
0.17
0.18
0.2
0.22
0.23
0.25
0.28
0.3
0.33
0.37
0.4
0.44
0.47
0.51
0.53
0.56
0.57
0.58
0.57
0.56
0.54
0.52
0.5
0.48
0.46
0.45
0.45
0.46
0.47
0.48
0.48
0.48
0.47
0.44
0.4
0.34
0.27
0.19
0.1
-0.0
-0.11
-0.22
-0.33
-0.43
-0.53
-0.62
-0.7
-0.77
-0.82
-0.86
-0.89
-0.9
-0.9
-0.89
-0.88
-0.87
-0.85
-0.84
-0.83
-0.83
-0.82
-0.82
-0.82
-0.82
-0.81
-0.8
-0.79
-0.76
-0.73
-0.7
-0.65
-0.61
-0.55
-0.49
-0.43
-0.36
-0.3
-0.22
-0.15
-0.08
-0.01
0.07
0.14
0.22
0.3
0.39
0.48
0.57
0.66
0.75
0.84
0.92
1.0
1.07
1.13
1.18
1.21
1.23
1.24
1.23
1.22
1.19
1.16
1.12
1.08
1.02
0.96
0.88
0.79
0.69
0.57
0.45
0.33
0.19
0.06
-0.06
-0.18
-0.3
-0.4
-0.49
-0.57
-0.63
-0.69
-0.73
-0.77
-0.8
-0.83
-0.85
-0.88
-0.9
-0.92
-0.95
-0.97
-0.98
-1.0
-1.01
-1.02
-1.02
-1.01
-1.0
-0.98
-0.96
-0.93
-0.89
-0.85
-0.8
-0.75
-0.69
-0.64
-0.58
-0.52
-0.45
-0.39
-0.33
-0.26
-0.2
-0.13
-0.06
0.02
0.1
0.18
0.27
0.36
0.45
0.53
0.61
0.68
0.74
0.79
0.82
0.85
0.87
0.89
0.9
0.92
0.93
0.94
0.95
0.96
0.96
0.95
0.93
0.89
0.85
0.8
0.73
0.65
0.56
0.46
0.35
0.24
0.12
-0.0
-0.12
-0.24
-0.36
-0.48
-0.59
-0.7
-0.79
-0.88
-0.95
-1.01
-1.06
-1.08
-1.1
-1.1
-1.09
-1.07
-1.03
-0.99
-0.95
-0.89
-0.84
-0.77
-0.71
-0.65
-0.59
-0.52
-0.46
-0.4
-0.33
-0.27
-0.2
-0.13
-0.05
0.02
0.1
0.19
0.27
0.35
0.43
0.51
0.58
0.65
0.71
0.76
0.81
0.85
0.88
0.9
0.92
0.93
0.94
0.95
0.95
0.95
0.94
0.92
0.89
0.85
0.79
0.72
0.63
0.53
0.41
0.29
0.16
0.02
-0.12
-0.26
-0.4
-0.53
-0.65
-0.76
-0.87
-0.97
-1.06
-1.14
-1.21
-1.28
-1.33
-1.38
-1.41
-1.44
-1.46
-1.47
-1.47
-1.46
-1.44
-1.42
-1.39
-1.34
-1.29
-1.23
-1.16
-1.08
-0.99
-0.9
-0.8
-0.7
-0.59
-0.49
-0.39
-0.29
-0.2
-0.11
-0.03
0.06
0.13
0.21
0.28
0.35
0.42
0.48
0.54
0.59
0.63
0.68
0.72
0.76
0.81
0.86
0.91
0.97
1.03
1.08
1.14
1.18
1.22
1.24
1.24
1.23
1.2
1.16
1.09
1.01
0.91
0.79
0.67
0.54
0.39
0.25
0.1
-0.06
-0.21
-0.35
-0.5
-0.64
-0.77
-0.88
-0.99
-1.09
-1.17
-1.24
-1.29
-1.33
-1.36
-1.37
-1.37
-1.37
-1.35
-1.33
-1.31
-1.27
-1.23
-1.19
-1.14
-1.09
-1.03
-0.96
-0.88
-0.8
-0.71
-0.62
-0.52
-0.42
-0.31
-0.2
-0.08
0.04
0.15
0.27
0.38
0.49
0.59
0.68
0.77
0.86
0.94
1.02
1.1
1.17
1.23
1.28
1.32
1.34
1.34
1.33
1.29
1.24
1.18
1.1
1.01
0.92
0.81
0.7
0.59
0.48
0.37
0.26
0.16
0.06
-0.04
-0.14
-0.24
-0.34
-0.44
-0.53
-0.63
-0.73
-0.82
-0.91
-0.99
-1.06
-1.12
-1.17
-1.21
-1.23
-1.25
-1.25
-1.25
-1.23
-1.2
-1.16
-1.11
-1.05
-0.99
-0.92
-0.84
-0.76
-0.68
-0.59
-0.5
-0.41
-0.32
-0.23
-0.13
-0.04
0.06
0.16
0.25
0.35
0.44
0.52
0.6
0.67
0.74
0.81
0.89
0.96
1.04
1.12
1.19
1.26
1.33
1.38
1.42
1.45
1.45
1.44
1.41
1.36
1.29
1.2
1.1
0.98
0.86
0.73
0.59
0.45
0.31
0.18
0.04
-0.09
-0.22
-0.34
-0.46
-0.57
-0.67
-0.77
-0.85
-0.93
-1.0
-1.06
-1.11
-1.16
-1.19
-1.21
-1.23
-1.23
-1.23
-1.23
-1.21
-1.19
-1.17
-1.14
-1.1
-1.06
-1.01
-0.95
-0.89
-0.81
-0.73
-0.64
-0.54
-0.44
-0.33
-0.22
-0.11
0.0
0.11
0.21
0.3
0.39
0.47
0.54
0.62
0.69
0.76
0.84
0.92
1.01
1.09
1.16
1.23
1.28
1.31
1.33
1.32
1.29
1.23
1.16
1.06
0.95
0.82
0.69
0.54
0.4
0.24
0.09
-0.05
-0.2
-0.33
-0.46
-0.59
-0.71
-0.82
-0.92
-1.02
-1.12
-1.2
-1.28
-1.34
-1.4
-1.45
-1.49
-1.51
-1.52
-1.52
-1.51
-1.48
-1.44
-1.38
-1.31
-1.24
-1.15
-1.05
-0.95
-0.85
-0.74
-0.63
-0.52
-0.4
-0.29
-0.18
-0.08
0.03
0.14
0.24
0.33
0.42
0.5
0.57
0.64
0.7
0.76
0.82
0.88
0.93
0.99
1.05
1.09
1.14
1.17
1.19
1.19
1.19
1.16
1.13
1.08
1.01
0.94
0.85
0.76
0.66
0.56
0.45
0.35
0.25
0.15
0.05
-0.04
-0.13
-0.22
-0.3
-0.38
-0.45
-0.52
-0.58
-0.63
-0.68
-0.73
-0.77
-0.8
-0.83
-0.85
-0.87
-0.89
-0.89
-0.9
-0.89
-0.89
-0.87
-0.85
-0.83
-0.8
-0.77
-0.73
-0.69
-0.64
-0.59
-0.53
-0.46
-0.39
-0.31
-0.23
-0.13
-0.03
0.07
0.18
0.3
0.41
0.52
0.63
0.72
0.81
0.9
0.97
1.04
1.1
1.15
1.19
1.22
1.24
1.24
1.22
1.18
1.13
1.05
0.96
0.86
0.74
0.62
0.49
0.36
0.23
0.11
-0.01
-0.13
-0.25
-0.35
-0.46
-0.57
-0.67
-0.77
-0.87
-0.96
-1.05
-1.13
-1.21
-1.28
-1.33
-1.38
-1.42
-1.45
-1.47
-1.48
-1.48
-1.46
-1.44
-1.41
-1.37
-1.32
-1.27
-1.21
-1.14
-1.08
-1.01
-0.93
-0.85
-0.77
-0.69
-0.59
-0.5
-0.39
-0.28
-0.16
-0.03
0.11
0.25
0.39
0.53
0.66
0.8
0.93
1.05
1.18
1.31
1.43
1.55
1.67
1.78
1.87
1.95
2.02
2.06
2.08
2.07
2.04
1.98
1.89
1.78
1.64
1.49
1.31
1.12
0.92
0.71
0.49
0.27
0.06
-0.16
-0.37
-0.57
-0.76
-0.93
-1.09
-1.24
-1.37
-1.48
-1.57
-1.64
-1.7
-1.74
-1.75
-1.76
-1.75
-1.72
-1.68
-1.63
-1.57
-1.5
-1.42
-1.34
-1.25
-1.16
-1.07
-0.98
-0.89
-0.8
-0.71
-0.62
-0.53
-0.44
-0.34
-0.24
-0.14
-0.03
0.08
0.19
0.3
0.41
0.52
0.62
0.72
0.81
0.9
0.99
1.08
1.16
1.23
1.29
1.34
1.37
1.38
1.36
1.32
1.26
1.17
1.06
0.94
0.8
0.65
0.51
0.36
0.21
0.06
-0.07
-0.2
-0.32
-0.43
-0.54
-0.63
-0.72
-0.81
-0.88
-0.95
-1.01
-1.07
-1.11
-1.15
-1.18
-1.21
-1.22
-1.23
-1.23
-1.23
-1.21
-1.19
-1.16
-1.12
-1.08
-1.03
-0.97
-0.91
-0.84
-0.77
-0.7
-0.62
-0.55
-0.48
-0.41
-0.34
-0.27
-0.2
-0.12
-0.05
0.03
0.11
0.19
0.28
0.36
0.45
0.53
0.6
0.68
0.75
0.82
0.89
0.96
1.03
1.1
1.16
1.22
1.26
1.29
1.3
1.3
1.28
1.25
1.2
1.14
1.07
0.99
0.91
0.82
0.72
0.63
0.53
0.43
0.33
0.24
0.14
0.04
-0.07
-0.17
-0.28
-0.39
-0.5
-0.6
-0.71
-0.81
-0.9
-0.99
-1.06
-1.13
-1.19
-1.23
-1.27
-1.29
-1.3
-1.3
-1.28
-1.25
-1.2
-1.15
-1.08
-1.0
-0.92
-0.83
-0.73
-0.64
-0.54
-0.45
-0.35
-0.26
-0.16
-0.07
0.03
0.13
0.23
0.34
0.44
0.55
0.65
0.75
0.85
0.94
1.02
1.09
1.15
1.19
1.23
1.25
1.27
1.28
1.28
1.27
1.24
1.2
1.14
1.06
0.96
0.85
0.73
0.6
0.45
0.31
0.16
0.01
-0.13
-0.26
-0.39
-0.51
-0.62
-0.71
-0.8
-0.88
-0.95
-1.02
-1.08
-1.14
-1.19
-1.24
-1.28
-1.32
-1.35
-1.37
-1.38
-1.38
-1.37
-1.35
-1.32
-1.28
-1.23
-1.17
-1.1
-1.02
-0.93
-0.85
-0.76
-0.67
-0.58
-0.49
-0.41
-0.33
-0.25
-0.18
-0.1
-0.03
0.05
0.13
0.21
0.29
0.37
0.45
0.54
0.62
0.71
0.79
0.86
0.93
0.99
1.04
1.09
1.13
1.16
1.2
1.24
1.28
1.33
1.39
1.45
1.52
1.57
1.62
1.64
1.64
1.62
1.56
1.48
1.37
1.24
1.09
0.92
0.74
0.56
0.37
0.18
-0.01
-0.19
-0.36
-0.52
-0.67
-0.8
-0.92
-1.01
-1.09
-1.14
-1.18
-1.2
-1.2
-1.19
-1.17
-1.15
-1.12
-1.08
-1.05
-1.02
-0.99
-0.97
-0.94
-0.92
-0.89
-0.87
-0.84
-0.8
-0.77
-0.73
-0.68
-0.64
-0.59
-0.55
-0.5
-0.45
-0.41
-0.37
-0.32
-0.28
-0.24
-0.21
-0.17
-0.14
-0.11
-0.09
-0.07
-0.05
-0.03
-0.01
-0.0
0.01
0.02
0.03
0.03
0.03
0.03
0.03
0.02
0.01
-0.01
-0.02
-0.04
-0.05
-0.07
-0.08
-0.1
-0.1
-0.11
-0.11
-0.11
-0.11
-0.1
-0.1
-0.09
-0.09
-0.08
-0.08
-0.08
-0.08
-0.08
-0.08
-0.08
-0.08
-0.09
-0.09
-0.09
-0.09
-0.09
-0.09
-0.08
-0.08
-0.06
-0.05
-0.03
-0.01
0.01
0.04
0.06
0.09
0.12
0.15
0.17
0.2
0.22
0.24
0.26
0.27
0.28
0.28
0.29
0.28
0.28
0.27
0.26
0.24
0.23
0.21
0.18
0.15
0.12
0.08
0.04
0.0
-0.04
-0.08
-0.11
-0.15
-0.18
-0.2
-0.22
-0.24
-0.25
-0.27
-0.27
-0.28
-0.28
-0.28
-0.28
-0.28
-0.27
-0.27
-0.26
-0.24
-0.23
-0.22
-0.2
-0.18
-0.17
-0.15
-0.14
-0.12
-0.1
-0.09
-0.07
-0.05
-0.04
-0.02
-0.01
0.0
0.01
0.02
0.03
0.04
0.04
0.05
0.05
0.06
0.06
0.07
0.07
0.08
0.08
0.09
0.1
0.1
0.11
0.11
0.12
0.12
0.13
0.13
0.13
0.13
0.13
0.13
0.13
0.12
0.11
0.1
0.09
0.07
0.05
0.03
0.01
-0.01
-0.03
-0.06
-0.08
-0.11
-0.13
-0.15
-0.17
-0.18
-0.19
-0.2
-0.21
-0.22
-0.22
-0.22
-0.22
-0.21
-0.2
-0.19
-0.18
-0.17
-0.15
-0.13
-0.11
-0.09
-0.07
-0.05
-0.02
0.01
0.03
0.06
0.08
0.1
0.12
0.14
0.15
0.16
0.17
0.18
0.18
0.18
0.18
0.18
0.17
0.16
0.15
0.13
0.12
0.1
0.08
0.06
0.04
0.02
0.0
-0.01
-0.03
-0.05
-0.06
-0.07
-0.08
-0.09
-0.1
-0.11
-0.12
-0.12
-0.13
-0.13
-0.14
-0.14
-0.14
-0.14
-0.14
-0.14
-0.13
-0.13
-0.12
-0.11
-0.1
-0.09
-0.08
-0.07
-0.06
-0.06
-0.05
-0.04
-0.03
-0.02
-0.02
-0.02
-0.01
-0.01
-0.01
-0.01
-0.01
-0.01
-0.02
-0.02
-0.02
-0.03
-0.03
-0.03
-0.04
-0.04
-0.04
-0.05
-0.05
-0.06
-0.06
-0.06
-0.07
-0.07
-0.07
-0.07
-0.07
-0.07
-0.07
-0.06
-0.06
-0.06
-0.05
-0.05
-0.04
-0.04
-0.03
-0.03
-0.03
-0.02
-0.02
-0.02
-0.02
-0.02
-0.01
-0.01
-0.01
-0.01
-0.01
-0.01
-0.01
-0.01
-0.01
-0.01
-0.0
-0.0
-0.0
0.0
0.0
0.0
0.01
0.01
0.01
0.01
0.01
0.01
0.01
0.0
0.0
-0.0
-0.0
-0.01
-0.01
-0.01
-0.01
-0.02
-0.02
-0.02
-0.03
-0.03
-0.04
-0.04
-0.05
-0.05
-0.06
-0.06
-0.06
-0.07
-0.07
-0.07
-0.07
-0.07
-0.07
-0.07
-0.06
-0.06
-0.06
-0.05
-0.05
-0.04
-0.04
-0.03
-0.03
-0.03
-0.03
-0.02
-0.02
-0.02
-0.02
-0.02
-0.02
-0.02
-0.01
-0.01
-0.01
-0.01
-0.01
-0.01
-0.01
-0.01
-0.01
-0.01
-0.01
-0.01
-0.02
-0.02
-0.02
-0.02
-0.03
-0.03
-0.04
-0.04
-0.05
-0.05
-0.06
-0.06
-0.07
-0.07
-0.08
-0.08
-0.08
-0.08
-0.09
-0.09
-0.09
-0.09
-0.09
-0.09
-0.09
-0.09
-0.08
-0.08
-0.08
-0.07
-0.06
-0.05
-0.04
-0.03
-0.02
-0.01
0.01
0.02
0.03
0.04
0.05
0.06
0.06
0.07
0.07
0.08
0.08
0.08
0.08
0.08
0.08
0.08
0.08
0.08
0.08
0.08
0.07
0.07
0.07
0.06
0.06
0.05
0.05
0.04
0.04
0.03
0.02
0.01
0.01
0.0
-0.01
-0.01
-0.02
-0.03
-0.04
-0.04
-0.05
-0.06
-0.06
-0.07
-0.08
-0.08
-0.09
-0.09
-0.1
-0.1
-0.11
-0.11
-0.12
-0.12
-0.12
-0.13
-0.13
-0.14
-0.14
-0.14
-0.15
-0.15
-0.14
-0.14
-0.13
-0.12
-0.11
-0.1
-0.09
-0.07
-0.06
-0.04
-0.02
-0.01
0.01
0.02
0.04
0.05
0.06
0.07
0.08
0.09
0.09
0.1
0.1
0.1
0.11
0.11
0.1
0.1
0.1
0.09
0.08
0.07
0.06
0.05
0.04
0.03
0.01
-0.01
-0.02
-0.04
-0.05
-0.07
-0.08
-0.1
-0.11
-0.12
-0.13
-0.14
-0.15
-0.15
-0.16
-0.16
-0.16
-0.16
-0.16
-0.15
-0.15
-0.14
-0.14
-0.13
-0.12
-0.11
-0.1
-0.09
-0.08
-0.07
-0.06
-0.06
-0.05
-0.04
-0.03
-0.03
-0.02
-0.02
-0.01
-0.01
-0.01
-0.01
-0.01
-0.02
-0.02
-0.03
-0.03
-0.04
-0.05
-0.05
-0.06
-0.06
-0.06
-0.07
-0.07
-0.06
-0.06
-0.06
-0.05
-0.05
-0.05
-0.04
-0.04
-0.03
-0.03
-0.03
-0.03
-0.03
-0.03
-0.02
-0.02
-0.02
-0.02
-0.02
-0.02
-0.02
-0.02
-0.02
-0.03
-0.03
-0.03
-0.03
-0.03
-0.04
-0.04
-0.04
-0.05
-0.05
-0.05
-0.05
-0.06
-0.06
-0.06
-0.06
-0.06
-0.06
-0.07
-0.07
-0.07
-0.07
-0.07
-0.07
-0.07
-0.06
-0.06
-0.06
-0.06
-0.05
-0.05
-0.05
-0.04
-0.04
-0.03
-0.03
-0.03
-0.02
-0.02
-0.01
-0.01
-0.01
-0.01
-0.0
-0.0
-0.0
-0.0
