-0.08
-0.1
-0.1
-0.11
-0.12
-0.12
-0.12
-0.12
-0.12
-0.12
-0.12
-0.12
-0.12
-0.11
-0.11
-0.11
-0.1
-0.1
-0.1
-0.09
-0.09
-0.09
-0.08
-0.08
-0.08
-0.08
-0.08
-0.08
-0.07
-0.07
-0.07
-0.07
-0.07
-0.07
-0.06
-0.06
-0.06
-0.05
-0.05
-0.05
-0.04
-0.04
-0.03
-0.03
-0.02
-0.02
-0.01
-0.01
-0.0
0.0
0.0
0.01
0.01
0.02
0.02
0.03
0.03
0.03
0.04
0.04
0.05
0.05
0.06
0.06
0.07
0.07
0.07
0.07
0.07
0.07
0.07
0.06
0.06
0.05
0.04
0.03
0.02
0.01
-0.0
-0.02
-0.03
-0.04
-0.05
-0.07
-0.08
-0.09
-0.1
-0.11
-0.12
-0.12
-0.13
-0.13
-0.13
-0.12
-0.12
-0.11
-0.1
-0.09
-0.08
-0.07
-0.06
-0.05
-0.04
-0.03
-0.03
-0.02
-0.02
-0.01
-0.01
-0.01
-0.01
-0.01
-0.01
-0.01
-0.01
-0.02
-0.02
-0.02
-0.02
-0.03
-0.03
-0.03
-0.04
-0.04
-0.05
-0.05
-0.06
-0.06
-0.07
-0.07
-0.08
-0.08
-0.08
-0.09
-0.09
-0.1
-0.1
-0.1
-0.11
-0.11
-0.11
-0.11
-0.11
-0.1
-0.1
-0.1
-0.09
-0.08
-0.08
-0.07
-0.06
-0.05
-0.04
-0.04
-0.03
-0.02
-0.02
-0.01
-0.0
0.0
0.01
0.02
0.02
0.03
0.03
0.04
0.04
0.05
0.05
0.05
0.05
0.05
0.05
0.05
0.04
0.04
0.04
0.03
0.03
0.02
0.02
0.02
0.01
0.01
0.01
0.01
0.01
0.01
0.0
0.0
0.0
-0.0
-0.0
-0.0
-0.01
-0.01
-0.01
-0.02
-0.02
-0.03
-0.03
-0.04
-0.04
-0.05
-0.05
-0.06
-0.06
-0.07
-0.07
-0.07
-0.08
-0.08
-0.08
-0.08
-0.08
-0.09
-0.09
-0.09
-0.09
-0.09
-0.09
-0.09
-0.09
-0.09
-0.09
-0.09
-0.09
-0.09
-0.09
-0.09
-0.09
-0.09
-0.09
-0.09
-0.09
-0.09
-0.09
-0.09
-0.1
-0.1
-0.11
-0.12
-0.13
-0.14
-0.15
-0.16
-0.17
-0.18
-0.19
-0.19
-0.19
-0.19
-0.18
-0.17
-0.16
-0.14
-0.12
-0.09
-0.07
-0.04
-0.01
0.02
0.04
0.07
0.09
0.1
0.12
0.13
0.13
0.14
0.14
0.14
0.14
0.14
0.14
0.14
0.14
0.13
0.12
0.1
0.08
0.05
0.02
-0.02
-0.07
-0.11
-0.15
-0.19
-0.22
-0.24
-0.26
-0.27
-0.27
-0.26
-0.25
-0.23
-0.21
-0.19
-0.17
-0.16
-0.16
-0.16
-0.18
-0.21
-0.25
-0.3
-0.35
-0.41
-0.47
-0.53
-0.58
-0.63
-0.66
-0.68
-0.68
-0.66
-0.61
-0.55
-0.47
-0.38
-0.27
-0.15
-0.03
0.09
0.22
0.34
0.45
0.56
0.67
0.76
0.84
0.92
0.98
1.03
1.08
1.11
1.13
1.15
1.15
1.14
1.13
1.12
1.1
1.07
1.05
1.04
1.02
1.02
1.01
1.02
1.02
1.02
1.01
0.99
0.97
0.93
0.87
0.81
0.73
0.64
0.55
0.45
0.35
0.25
0.15
0.05
-0.04
-0.12
-0.21
-0.29
-0.37
-0.44
-0.52
-0.6
-0.67
-0.74
-0.82
-0.89
-0.96
-1.03
-1.09
-1.15
-1.2
-1.25
-1.28
-1.3
-1.31
-1.31
-1.29
-1.25
-1.19
-1.11
-1.01
-0.9
-0.77
-0.64
-0.5
-0.35
-0.21
-0.06
0.08
0.22
0.36
0.48
0.61
0.72
0.83
0.93
1.02
1.11
1.18
1.24
1.29
1.33
1.36
1.37
1.38
1.37
1.35
1.31
1.25
1.17
1.07
0.96
0.82
0.67
0.51
0.34
0.16
-0.01
-0.19
-0.35
-0.51
-0.66
-0.8
-0.93
-1.05
-1.16
-1.26
-1.36
-1.45
-1.54
-1.62
-1.69
-1.76
-1.82
-1.86
-1.89
-1.91
-1.9
-1.88
-1.84
-1.78
-1.69
-1.59
-1.47
-1.33
-1.18
-1.01
-0.83
-0.65
-0.46
-0.26
-0.07
0.11
0.29
0.46
0.61
0.76
0.89
1.01
1.13
1.23
1.32
1.39
1.46
1.51
1.55
1.57
1.58
1.59
1.58
1.57
1.54
1.51
1.46
1.4
1.32
1.23
1.13
1.01
0.89
0.75
0.61
0.47
0.33
0.19
0.06
-0.07
-0.19
-0.31
-0.43
-0.53
-0.64
-0.73
-0.82
-0.91
-0.98
-1.05
-1.1
-1.15
-1.19
-1.22
-1.25
-1.27
-1.28
-1.29
-1.3
-1.29
-1.29
-1.27
-1.24
-1.21
-1.16
-1.1
-1.04
-0.96
-0.87
-0.77
-0.66
-0.54
-0.41
-0.27
-0.13
0.01
0.16
0.3
0.44
0.58
0.71
0.84
0.95
1.07
1.17
1.27
1.37
1.46
1.54
1.61
1.67
1.72
1.75
1.76
1.76
1.73
1.68
1.6
1.49
1.35
1.19
1.01
0.81
0.6
0.38
0.16
-0.06
-0.28
-0.48
-0.67
-0.84
-1.0
-1.15
-1.28
-1.4
-1.52
-1.62
-1.71
-1.79
-1.86
-1.92
-1.97
-2.0
-2.01
-2.01
-1.99
-1.96
-1.9
-1.83
-1.74
-1.63
-1.51
-1.37
-1.22
-1.06
-0.88
-0.71
-0.53
-0.35
-0.18
-0.01
0.14
0.29
0.43
0.56
0.68
0.78
0.87
0.95
1.02
1.08
1.13
1.17
1.2
1.24
1.28
1.33
1.37
1.41
1.44
1.47
1.48
1.48
1.47
1.43
1.38
1.31
1.23
1.14
1.03
0.93
0.81
0.7
0.59
0.49
0.38
0.29
0.19
0.1
0.0
-0.09
-0.18
-0.28
-0.37
-0.47
-0.57
-0.67
-0.77
-0.86
-0.96
-1.05
-1.13
-1.21
-1.29
-1.35
-1.4
-1.45
-1.48
-1.5
-1.51
-1.5
-1.48
-1.45
-1.41
-1.35
-1.29
-1.21
-1.12
-1.02
-0.91
-0.79
-0.65
-0.5
-0.34
-0.17
0.01
0.19
0.37
0.55
0.72
0.88
1.02
1.16
1.28
1.4
1.5
1.59
1.66
1.71
1.73
1.73
1.7
1.64
1.56
1.46
1.33
1.18
1.02
0.85
0.67
0.48
0.3
0.11
-0.08
-0.26
-0.43
-0.6
-0.77
-0.93
-1.08
-1.23
-1.36
-1.49
-1.6
-1.71
-1.8
-1.87
-1.93
-1.98
-2.01
-2.02
-2.02
-1.99
-1.95
-1.88
-1.79
-1.68
-1.55
-1.41
-1.24
-1.06
-0.87
-0.67
-0.46
-0.26
-0.05
0.16
0.37
0.57
0.76
0.94
1.12
1.28
1.43
1.56
1.69
1.8
1.9
1.99
2.06
2.12
2.16
2.19
2.19
2.18
2.15
2.1
2.04
1.95
1.85
1.73
1.6
1.46
1.3
1.14
0.97
0.79
0.61
0.43
0.24
0.05
-0.14
-0.33
-0.51
-0.7
-0.87
-1.04
-1.21
-1.37
-1.52
-1.66
-1.79
-1.91
-2.02
-2.12
-2.2
-2.27
-2.33
-2.37
-2.39
-2.39
-2.37
-2.33
-2.27
-2.19
-2.1
-1.99
-1.86
-1.73
-1.58
-1.43
-1.26
-1.09
-0.92
-0.74
-0.55
-0.37
-0.18
0.01
0.2
0.39
0.58
0.78
0.97
1.15
1.34
1.51
1.69
1.85
2.02
2.17
2.31
2.43
2.54
2.62
2.67
2.68
2.66
2.6
2.51
2.39
2.23
2.05
1.86
1.64
1.42
1.19
0.95
0.72
0.49
0.27
0.06
-0.15
-0.35
-0.54
-0.73
-0.9
-1.07
-1.23
-1.37
-1.5
-1.63
-1.73
-1.83
-1.91
-1.98
-2.03
-2.07
-2.1
-2.11
-2.1
-2.07
-2.02
-1.94
-1.85
-1.73
-1.59
-1.44
-1.28
-1.1
-0.93
-0.75
-0.57
-0.39
-0.22
-0.05
0.12
0.28
0.43
0.58
0.72
0.84
0.96
1.06
1.14
1.21
1.27
1.32
1.36
1.39
1.42
1.43
1.43
1.41
1.39
1.35
1.3
1.23
1.16
1.07
0.97
0.86
0.75
0.63
0.5
0.37
0.25
0.12
-0.0
-0.12
-0.23
-0.34
-0.45
-0.55
-0.64
-0.73
-0.81
-0.88
-0.95
-1.02
-1.08
-1.13
-1.18
-1.23
-1.27
-1.31
-1.35
-1.38
-1.4
-1.42
-1.43
-1.43
-1.41
-1.39
-1.35
-1.29
-1.23
-1.15
-1.06
-0.97
-0.86
-0.74
-0.62
-0.48
-0.33
-0.18
-0.01
0.16
0.34
0.53
0.72
0.91
1.1
1.29
1.48
1.66
1.83
1.99
2.12
2.23
2.31
2.35
2.36
2.34
2.28
2.19
2.07
1.93
1.77
1.59
1.41
1.23
1.05
0.87
0.69
0.52
0.36
0.2
0.05
-0.11
-0.27
-0.43
-0.59
-0.76
-0.93
-1.11
-1.28
-1.45
-1.61
-1.76
-1.89
-2.02
-2.13
-2.21
-2.29
-2.34
-2.36
-2.37
-2.35
-2.3
-2.23
-2.14
-2.02
-1.89
-1.74
-1.58
-1.42
-1.26
-1.1
-0.94
-0.79
-0.64
-0.49
-0.34
-0.18
-0.01
0.16
0.35
0.53
0.73
0.92
1.11
1.3
1.48
1.66
1.82
1.96
2.09
2.19
2.26
2.3
2.32
2.31
2.27
2.21
2.12
2.02
1.9
1.76
1.62
1.46
1.29
1.11
0.92
0.73
0.53
0.33
0.13
-0.06
-0.25
-0.43
-0.59
-0.74
-0.87
-0.98
-1.09
-1.18
-1.25
-1.32
-1.38
-1.43
-1.47
-1.51
-1.54
-1.56
-1.57
-1.58
-1.58
-1.57
-1.55
-1.52
-1.49
-1.44
-1.38
-1.32
-1.24
-1.17
-1.08
-0.99
-0.88
-0.78
-0.66
-0.54
-0.42
-0.28
-0.14
0.0
0.15
0.3
0.46
0.61
0.76
0.9
1.03
1.15
1.26
1.36
1.45
1.53
1.6
1.66
1.7
1.72
1.73
1.71
1.68
1.61
1.53
1.42
1.28
1.13
0.96
0.79
0.6
0.41
0.22
0.04
-0.14
-0.31
-0.47
-0.62
-0.76
-0.9
-1.02
-1.13
-1.23
-1.32
-1.4
-1.47
-1.53
-1.57
-1.61
-1.63
-1.65
-1.65
-1.64
-1.62
-1.59
-1.55
-1.5
-1.45
-1.38
-1.31
-1.23
-1.14
-1.06
-0.96
-0.87
-0.78
-0.69
-0.59
-0.5
-0.42
-0.33
-0.24
-0.14
-0.04
0.06
0.17
0.29
0.41
0.53
0.65
0.76
0.87
0.96
1.04
1.12
1.2
1.27
1.35
1.44
1.52
1.61
1.69
1.76
1.82
1.86
1.87
1.86
1.82
1.76
1.67
1.57
1.45
1.33
1.2
1.07
0.94
0.81
0.69
0.56
0.43
0.31
0.18
0.05
-0.08
-0.2
-0.31
-0.42
-0.51
-0.6
-0.66
-0.72
-0.76
-0.79
-0.8
-0.81
-0.81
-0.81
-0.8
-0.78
-0.77
-0.75
-0.73
-0.71
-0.69
-0.68
-0.67
-0.66
-0.65
-0.64
-0.63
-0.62
-0.61
-0.6
-0.58
-0.57
-0.55
-0.54
-0.52
-0.5
-0.48
-0.45
-0.43
-0.4
-0.38
-0.35
-0.32
-0.29
-0.26
-0.22
-0.18
-0.13
-0.08
-0.02
0.05
0.11
0.18
0.24
0.3
0.35
0.39
0.41
0.43
0.43
0.41
0.39
0.35
0.3
0.24
0.18
0.11
0.04
-0.04
-0.1
-0.17
-0.22
-0.27
-0.31
-0.34
-0.36
-0.36
-0.36
-0.36
-0.34
-0.32
-0.3
-0.27
-0.25
-0.22
-0.19
-0.17
-0.14
-0.12
-0.1
-0.08
-0.06
-0.05
-0.03
-0.02
-0.0
0.01
0.02
0.03
0.03
0.03
0.03
0.02
0.02
0.01
-0.0
-0.02
-0.03
-0.05
-0.07
-0.09
-0.11
-0.12
-0.14
-0.16
-0.17
-0.19
-0.2
-0.2
-0.21
-0.21
-0.21
-0.2
-0.19
-0.18
-0.17
-0.15
-0.14
-0.12
-0.11
-0.09
-0.07
-0.06
-0.05
-0.04
-0.03
-0.02
-0.01
0.0
0.01
0.02
0.03
0.04
0.05
0.06
0.07
0.08
0.1
0.11
0.12
0.13
0.14
0.15
0.16
0.17
0.17
0.18
0.18
0.18
0.18
0.18
0.17
0.16
0.15
0.14
0.13
0.11
0.1
0.08
0.06
0.04
0.02
-0.01
-0.03
-0.06
-0.08
-0.11
-0.14
-0.16
-0.18
-0.21
-0.22
-0.24
-0.26
-0.27
-0.28
-0.28
-0.28
-0.28
-0.28
-0.27
-0.25
-0.24
-0.22
-0.2
-0.17
-0.15
-0.12
-0.09
-0.06
-0.02
0.01
0.04
0.07
0.1
0.13
0.16
0.18
0.21
0.22
0.24
0.26
0.27
0.27
0.28
0.28
0.28
0.27
0.27
0.26
0.24
0.23
0.21
0.19
0.17
0.14
0.12
0.09
0.06
0.03
0.0
-0.03
-0.05
-0.08
-0.11
-0.14
-0.16
-0.18
-0.2
-0.22
-0.23
-0.24
-0.25
-0.25
-0.26
-0.25
-0.25
-0.24
-0.23
-0.22
-0.2
-0.19
-0.17
-0.16
-0.14
-0.13
-0.11
-0.1
-0.08
-0.07
-0.06
-0.05
-0.04
-0.02
-0.01
0.0
0.02
0.03
0.04
0.06
0.07
0.09
0.1
0.11
0.12
0.12
0.13
0.13
0.13
0.12
0.12
0.11
0.11
0.1
0.09
0.07
0.06
0.05
0.04
0.03
0.01
-0.0
-0.01
-0.03
-0.04
-0.05
-0.07
-0.08
-0.09
-0.11
-0.12
-0.13
-0.14
-0.14
-0.15
-0.15
-0.15
-0.15
-0.15
-0.15
-0.14
-0.14
-0.13
-0.12
-0.12
-0.11
-0.1
-0.09
-0.08
-0.07
-0.06
-0.06
-0.05
-0.04
-0.03
-0.02
-0.02
-0.01
-0.01
-0.0
-0.0
-0.0
-0.0
-0.0
-0.01
-0.01
-0.02
-0.03
-0.03
-0.04
-0.05
-0.05
-0.06
-0.07
-0.07
-0.07
-0.07
-0.07
-0.07
-0.07
-0.07
-0.07
-0.07
-0.06
-0.06
-0.05
-0.05
-0.04
-0.04
-0.03
-0.03
-0.02
-0.01
-0.0
0.0
0.01
0.02
0.02
0.03
0.03
0.03
0.03
0.03
0.03
0.03
0.02
0.02
0.01
0.01
-0.0
-0.01
-0.02
-0.03
-0.04
-0.05
-0.05
-0.06
-0.07
-0.08
-0.08
-0.09
-0.09
-0.1
-0.1
-0.1
-0.1
-0.1
-0.1
-0.1
-0.1
-0.09
-0.09
-0.09
-0.09
-0.08
-0.08
-0.08
-0.07
-0.07
-0.07
-0.06
-0.05
-0.05
-0.04
-0.04
-0.03
-0.03
-0.02
-0.02
-0.01
-0.01
-0.01
-0.0
0.0
0.0
0.01
0.01
0.01
0.01
0.01
0.01
0.01
0.01
0.01
0.01
0.01
0.01
0.01
0.01
0.01
0.01
0.01
0.02
0.02
0.02
0.02
0.02
0.03
0.03
0.03
0.03
0.03
0.03
0.03
0.03
0.03
0.02
0.02
0.01
0.0
-0.0
-0.01
-0.02
-0.02
-0.03
-0.04
-0.05
-0.05
-0.06
-0.07
-0.07
-0.08
-0.08
-0.09
-0.09
-0.1
-0.1
-0.1
-0.1
-0.1
-0.1
-0.1
-0.1
-0.1
-0.09
-0.09
-0.08
-0.07
-0.07
-0.06
-0.05
-0.04
-0.03
-0.02
-0.02
-0.01
0.0
0.01
0.02
0.02
0.03
0.04
0.04
0.05
0.05
0.05
0.06
0.06
0.06
0.05
0.05
0.05
0.04
0.03
0.02
0.02
0.01
0.0
-0.01
-0.01
-0.02
-0.03
-0.03
-0.04
-0.04
-0.05
-0.05
-0.06
-0.06
-0.06
-0.06
-0.06
-0.06
-0.06
-0.05
-0.05
-0.05
-0.05
-0.04
-0.04
-0.04
-0.03
-0.03
-0.02
-0.02
-0.01
-0.01
-0.01
-0.0
0.0
0.0
0.01
0.01
0.01
0.01
0.01
0.0
0.0
-0.0
-0.01
-0.01
-0.02
-0.02
-0.03
-0.03
-0.04
-0.04
-0.04
-0.05
-0.05
-0.05
-0.06
-0.06
-0.06
-0.07
-0.07
-0.07
-0.08
-0.08
-0.08
-0.08
-0.08
-0.08
-0.08
-0.07
-0.07
-0.07
-0.06
-0.06
-0.05
-0.05
-0.05
-0.04
-0.04
-0.03
-0.03
-0.03
-0.02
-0.02
-0.02
-0.02
-0.01
-0.01
-0.01
-0.02
-0.02
-0.02
-0.02
-0.03
-0.03
-0.04
-0.04
-0.04
-0.05
-0.05
-0.05
-0.05
-0.05
-0.06
-0.06
-0.06
-0.06
-0.06
-0.06
-0.06
-0.06
-0.06
-0.06
-0.06
-0.06
-0.06
-0.06
-0.06
-0.06
-0.05
-0.05
-0.04
-0.04
-0.03
-0.03
-0.03
-0.02
-0.02
-0.02
-0.01
-0.01
-0.01
-0.01
-0.01
-0.01
-0.01
-0.01
-0.02
-0.02
-0.02
-0.02
-0.03
-0.03
-0.03
-0.03
-0.03
-0.03
-0.03
-0.03
-0.03
-0.03
-0.03
-0.03
-0.03
-0.03
-0.03
-0.03
-0.03
-0.03
-0.02
-0.02
-0.02
-0.02
-0.02
-0.02
-0.01
-0.01
-0.01
-0.01
-0.01
-0.0
-0.0
-0.0
-0.0
-0.0
-0.01
-0.01
-0.01
-0.02
-0.02
-0.02
-0.03
-0.03
-0.03
-0.04
-0.04
-0.04
-0.04
-0.05
-0.05
-0.05
-0.05
-0.06
-0.06
-0.06
-0.06
-0.06
-0.06
-0.06
-0.06
-0.06
-0.05
-0.05
-0.05
-0.05
-0.04
-0.04
-0.03
-0.03
-0.03
-0.02
-0.02
-0.02
-0.01
-0.01
-0.01
-0.01
-0.01
-0.01
-0.01
-0.02
-0.02
-0.02
-0.02
-0.02
-0.02
-0.03
-0.03
-0.03
-0.03
-0.03
-0.04
-0.04
-0.04
-0.04
-0.05
-0.05
-0.05
-0.05
-0.05
-0.05
-0.05
-0.04
-0.04
-0.04
-0.03
-0.03
-0.03
-0.02
-0.02
-0.02
-0.01
-0.01
-0.01
-0.01
-0.0
-0.0
-0.0
0.0
0.0
0.0
0.0
-0.0
-0.0
-0.01
-0.01
-0.01
-0.02
-0.02
-0.03
-0.03
-0.04
-0.04
-0.05
-0.05
-0.06
-0.06
-0.06
-0.06
-0.07
-0.07
-0.07
-0.07
-0.06
-0.06
-0.06
-0.06
-0.05
-0.05
-0.05
