-0.1
-0.09
-0.08
-0.08
-0.07
-0.06
-0.05
-0.05
-0.05
-0.05
-0.05
-0.05
-0.05
-0.05
-0.06
-0.06
-0.06
-0.05
-0.05
-0.05
-0.04
-0.03
-0.03
-0.02
-0.01
-0.0
0.0
0.01
0.02
0.03
0.03
0.03
0.04
0.04
0.04
0.04
0.04
0.03
0.03
0.03
0.02
0.02
0.02
0.01
0.01
0.01
0.0
0.0
0.0
0.0
-0.0
-0.0
-0.0
-0.0
-0.0
-0.0
-0.01
-0.01
-0.02
-0.03
-0.04
-0.06
-0.07
-0.08
-0.1
-0.11
-0.13
-0.14
-0.15
-0.16
-0.17
-0.18
-0.18
-0.18
-0.18
-0.17
-0.16
-0.15
-0.14
-0.12
-0.1
-0.08
-0.06
-0.04
-0.02
-0.0
0.02
0.03
0.05
0.06
0.08
0.09
0.1
0.1
0.11
0.11
0.11
0.11
0.11
0.11
0.11
0.1
0.1
0.09
0.08
0.08
0.07
0.06
0.05
0.04
0.03
0.01
0.0
-0.01
-0.02
-0.03
-0.04
-0.05
-0.06
-0.06
-0.07
-0.07
-0.07
-0.07
-0.07
-0.06
-0.06
-0.05
-0.05
-0.04
-0.04
-0.03
-0.02
-0.02
-0.01
-0.01
-0.01
-0.01
-0.01
-0.01
-0.02
-0.02
-0.03
-0.04
-0.04
-0.05
-0.06
-0.07
-0.07
-0.08
-0.08
-0.09
-0.09
-0.09
-0.1
-0.1
-0.1
-0.1
-0.1
-0.1
-0.1
-0.1
-0.1
-0.1
-0.1
-0.1
-0.1
-0.09
-0.09
-0.08
-0.08
-0.07
-0.06
-0.05
-0.04
-0.03
-0.02
-0.01
-0.01
0.0
0.01
0.01
0.02
0.02
0.03
0.03
0.03
0.03
0.04
0.04
0.04
0.04
0.05
0.05
0.05
0.06
0.06
0.07
0.07
0.08
0.08
0.09
0.09
0.1
0.1
0.1
0.1
0.09
0.09
0.08
0.08
0.07
0.06
0.05
0.04
0.03
0.02
0.01
-0.01
-0.02
-0.04
-0.06
-0.08
-0.1
-0.12
-0.14
-0.16
-0.18
-0.2
-0.23
-0.25
-0.27
-0.3
-0.32
-0.35
-0.37
-0.4
-0.43
-0.47
-0.51
-0.54
-0.58
-0.62
-0.66
-0.7
-0.73
-0.76
-0.78
-0.8
-0.8
-0.8
-0.79
-0.77
-0.74
-0.7
-0.66
-0.61
-0.56
-0.51
-0.46
-0.41
-0.37
-0.33
-0.3
-0.27
-0.25
-0.23
-0.22
-0.21
-0.2
-0.19
-0.19
-0.18
-0.16
-0.14
-0.11
-0.08
-0.03
0.02
0.08
0.15
0.23
0.31
0.39
0.48
0.56
0.65
0.73
0.81
0.88
0.95
1.01
1.07
1.12
1.17
1.21
1.25
1.28
1.31
1.33
1.35
1.37
1.38
1.38
1.39
1.38
1.38
1.36
1.34
1.31
1.27
1.23
1.19
1.14
1.08
1.03
0.97
0.92
0.86
0.79
0.72
0.64
0.55
0.45
0.33
0.21
0.07
-0.07
-0.21
-0.36
-0.5
-0.63
-0.76
-0.88
-0.99
-1.09
-1.17
-1.25
-1.3
-1.35
-1.38
-1.4
-1.41
-1.41
-1.4
-1.39
-1.36
-1.33
-1.3
-1.26
-1.21
-1.16
-1.11
-1.05
-0.99
-0.93
-0.86
-0.79
-0.71
-0.63
-0.55
-0.47
-0.38
-0.29
-0.2
-0.11
-0.02
0.06
0.14
0.22
0.29
0.35
0.41
0.47
0.52
0.57
0.62
0.66
0.7
0.73
0.76
0.79
0.8
0.81
0.81
0.8
0.79
0.77
0.76
0.74
0.73
0.72
0.72
0.72
0.71
0.7
0.68
0.64
0.59
0.52
0.43
0.33
0.21
0.09
-0.03
-0.16
-0.27
-0.38
-0.47
-0.55
-0.62
-0.68
-0.72
-0.76
-0.8
-0.83
-0.85
-0.88
-0.91
-0.95
-0.99
-1.03
-1.08
-1.13
-1.19
-1.24
-1.3
-1.36
-1.4
-1.44
-1.46
-1.47
-1.46
-1.42
-1.36
-1.28
-1.17
-1.05
-0.91
-0.76
-0.6
-0.43
-0.26
-0.1
0.06
0.22
0.37
0.51
0.64
0.77
0.89
1.0
1.11
1.2
1.28
1.35
1.41
1.46
1.5
1.53
1.55
1.58
1.6
1.61
1.62
1.63
1.62
1.59
1.55
1.49
1.41
1.31
1.19
1.05
0.89
0.72
0.55
0.37
0.18
0.0
-0.17
-0.34
-0.5
-0.65
-0.79
-0.92
-1.04
-1.14
-1.24
-1.32
-1.39
-1.44
-1.49
-1.53
-1.56
-1.57
-1.58
-1.58
-1.57
-1.55
-1.52
-1.49
-1.45
-1.4
-1.35
-1.3
-1.24
-1.17
-1.1
-1.02
-0.94
-0.85
-0.75
-0.65
-0.54
-0.42
-0.3
-0.17
-0.04
0.09
0.23
0.38
0.52
0.67
0.82
0.96
1.11
1.25
1.38
1.51
1.62
1.72
1.8
1.85
1.88
1.89
1.87
1.83
1.76
1.67
1.56
1.43
1.28
1.12
0.95
0.78
0.59
0.4
0.21
0.03
-0.16
-0.34
-0.51
-0.68
-0.83
-0.98
-1.13
-1.27
-1.4
-1.52
-1.64
-1.75
-1.85
-1.94
-2.02
-2.08
-2.13
-2.16
-2.17
-2.16
-2.14
-2.1
-2.04
-1.96
-1.87
-1.76
-1.64
-1.51
-1.37
-1.23
-1.08
-0.93
-0.78
-0.64
-0.49
-0.35
-0.21
-0.07
0.07
0.2
0.34
0.47
0.6
0.72
0.84
0.95
1.06
1.15
1.24
1.33
1.41
1.5
1.58
1.66
1.73
1.79
1.83
1.86
1.87
1.85
1.81
1.74
1.65
1.54
1.41
1.27
1.11
0.96
0.8
0.64
0.48
0.33
0.18
0.04
-0.09
-0.22
-0.34
-0.46
-0.57
-0.67
-0.76
-0.85
-0.93
-1.01
-1.07
-1.14
-1.2
-1.25
-1.29
-1.33
-1.35
-1.37
-1.38
-1.38
-1.37
-1.34
-1.31
-1.26
-1.21
-1.14
-1.05
-0.96
-0.85
-0.74
-0.61
-0.47
-0.33
-0.19
-0.03
0.12
0.28
0.43
0.58
0.72
0.85
0.97
1.07
1.16
1.25
1.32
1.39
1.45
1.5
1.55
1.58
1.59
1.59
1.57
1.52
1.46
1.37
1.26
1.14
1.0
0.85
0.69
0.52
0.34
0.16
-0.02
-0.21
-0.39
-0.58
-0.76
-0.94
-1.1
-1.26
-1.41
-1.54
-1.65
-1.75
-1.83
-1.9
-1.95
-1.98
-1.99
-1.99
-1.97
-1.94
-1.88
-1.81
-1.72
-1.62
-1.5
-1.37
-1.22
-1.07
-0.92
-0.77
-0.61
-0.45
-0.3
-0.14
0.01
0.17
0.32
0.47
0.63
0.77
0.92
1.05
1.17
1.28
1.37
1.45
1.51
1.55
1.59
1.6
1.61
1.6
1.58
1.55
1.5
1.44
1.38
1.3
1.23
1.15
1.07
0.99
0.91
0.83
0.75
0.67
0.59
0.5
0.39
0.28
0.16
0.03
-0.11
-0.25
-0.4
-0.55
-0.69
-0.83
-0.97
-1.09
-1.2
-1.3
-1.39
-1.47
-1.54
-1.6
-1.64
-1.68
-1.7
-1.72
-1.72
-1.72
-1.7
-1.67
-1.64
-1.59
-1.54
-1.48
-1.41
-1.34
-1.25
-1.16
-1.07
-0.96
-0.84
-0.72
-0.58
-0.44
-0.29
-0.12
0.04
0.22
0.39
0.57
0.75
0.92
1.08
1.23
1.37
1.49
1.6
1.69
1.76
1.81
1.85
1.86
1.86
1.83
1.79
1.72
1.63
1.53
1.41
1.27
1.11
0.96
0.79
0.63
0.48
0.33
0.2
0.08
-0.03
-0.13
-0.22
-0.3
-0.39
-0.48
-0.57
-0.66
-0.76
-0.87
-0.97
-1.08
-1.18
-1.27
-1.36
-1.44
-1.52
-1.58
-1.64
-1.68
-1.71
-1.73
-1.73
-1.72
-1.69
-1.65
-1.59
-1.52
-1.43
-1.34
-1.23
-1.11
-0.98
-0.84
-0.69
-0.54
-0.38
-0.21
-0.03
0.15
0.33
0.51
0.69
0.86
1.02
1.17
1.31
1.43
1.53
1.61
1.67
1.72
1.76
1.77
1.78
1.77
1.75
1.71
1.66
1.6
1.52
1.43
1.32
1.21
1.09
0.96
0.83
0.69
0.56
0.42
0.29
0.15
0.01
-0.13
-0.28
-0.42
-0.57
-0.71
-0.85
-0.98
-1.1
-1.21
-1.3
-1.39
-1.45
-1.51
-1.54
-1.56
-1.57
-1.57
-1.55
-1.53
-1.49
-1.44
-1.38
-1.32
-1.24
-1.16
-1.07
-0.97
-0.86
-0.75
-0.63
-0.51
-0.38
-0.25
-0.12
0.01
0.14
0.27
0.39
0.52
0.64
0.76
0.87
0.97
1.06
1.13
1.19
1.23
1.25
1.26
1.25
1.23
1.2
1.16
1.11
1.05
0.98
0.89
0.79
0.69
0.58
0.46
0.34
0.22
0.1
-0.02
-0.12
-0.22
-0.31
-0.39
-0.47
-0.54
-0.61
-0.68
-0.74
-0.81
-0.88
-0.95
-1.02
-1.09
-1.16
-1.22
-1.28
-1.34
-1.39
-1.43
-1.47
-1.5
-1.53
-1.54
-1.54
-1.53
-1.51
-1.47
-1.42
-1.35
-1.27
-1.18
-1.07
-0.95
-0.82
-0.67
-0.5
-0.33
-0.14
0.06
0.26
0.47
0.67
0.86
1.04
1.2
1.34
1.46
1.56
1.64
1.7
1.74
1.77
1.78
1.77
1.74
1.69
1.63
1.55
1.45
1.34
1.21
1.09
0.95
0.82
0.68
0.54
0.4
0.26
0.12
-0.02
-0.17
-0.31
-0.45
-0.58
-0.71
-0.82
-0.92
-1.0
-1.07
-1.12
-1.15
-1.18
-1.19
-1.19
-1.19
-1.18
-1.17
-1.16
-1.15
-1.13
-1.11
-1.09
-1.07
-1.04
-1.01
-0.98
-0.95
-0.91
-0.87
-0.83
-0.79
-0.74
-0.69
-0.64
-0.58
-0.52
-0.45
-0.37
-0.29
-0.19
-0.09
0.03
0.16
0.3
0.45
0.61
0.78
0.95
1.12
1.29
1.46
1.61
1.75
1.87
1.97
2.05
2.09
2.11
2.09
2.05
1.98
1.89
1.77
1.63
1.47
1.29
1.11
0.92
0.72
0.52
0.32
0.13
-0.07
-0.25
-0.43
-0.61
-0.78
-0.94
-1.09
-1.24
-1.37
-1.49
-1.59
-1.69
-1.77
-1.83
-1.89
-1.92
-1.95
-1.96
-1.96
-1.95
-1.93
-1.9
-1.86
-1.81
-1.75
-1.68
-1.61
-1.53
-1.46
-1.38
-1.3
-1.21
-1.13
-1.04
-0.96
-0.86
-0.76
-0.66
-0.55
-0.43
-0.31
-0.18
-0.05
0.09
0.24
0.4
0.55
0.71
0.88
1.04
1.2
1.35
1.5
1.65
1.78
1.91
2.02
2.11
2.18
2.22
2.23
2.21
2.16
2.08
1.98
1.86
1.72
1.56
1.4
1.23
1.05
0.86
0.68
0.49
0.31
0.14
-0.03
-0.18
-0.31
-0.41
-0.5
-0.56
-0.6
-0.62
-0.63
-0.62
-0.59
-0.57
-0.54
-0.51
-0.49
-0.47
-0.46
-0.46
-0.46
-0.46
-0.47
-0.48
-0.49
-0.51
-0.52
-0.55
-0.57
-0.6
-0.63
-0.66
-0.69
-0.72
-0.75
-0.77
-0.79
-0.81
-0.82
-0.83
-0.84
-0.84
-0.83
-0.83
-0.82
-0.8
-0.78
-0.75
-0.72
-0.68
-0.63
-0.58
-0.53
-0.47
-0.41
-0.35
-0.3
-0.24
-0.18
-0.13
-0.08
-0.03
0.01
0.05
0.09
0.12
0.15
0.17
0.18
0.2
0.21
0.22
0.22
0.23
0.23
0.23
0.22
0.22
0.2
0.19
0.17
0.16
0.14
0.11
0.09
0.06
0.04
0.02
-0.0
-0.02
-0.04
-0.06
-0.08
-0.09
-0.1
-0.11
-0.12
-0.13
-0.13
-0.13
-0.13
-0.13
-0.13
-0.13
-0.13
-0.13
-0.13
-0.13
-0.13
-0.13
-0.12
-0.12
-0.11
-0.1
-0.08
-0.07
-0.05
-0.03
-0.0
0.02
0.04
0.06
0.07
0.09
0.1
0.1
0.1
0.1
0.1
0.09
0.09
0.08
0.07
0.06
0.05
0.04
0.03
0.02
0.01
0.0
-0.01
-0.01
-0.02
-0.03
-0.04
-0.05
-0.06
-0.07
-0.08
-0.08
-0.09
-0.09
-0.1
-0.1
-0.1
-0.09
-0.09
-0.09
-0.08
-0.08
-0.07
-0.07
-0.06
-0.06
-0.05
-0.05
-0.04
-0.03
-0.02
-0.01
0.0
0.02
0.03
0.04
0.06
0.07
0.08
0.09
0.1
0.1
0.1
0.1
0.1
0.1
0.09
0.09
0.08
0.07
0.06
0.05
0.03
0.02
0.01
-0.01
-0.03
-0.05
-0.06
-0.08
-0.1
-0.12
-0.13
-0.14
-0.15
-0.16
-0.17
-0.18
-0.18
-0.18
-0.18
-0.18
-0.18
-0.17
-0.17
-0.16
-0.15
-0.15
-0.14
-0.13
-0.12
-0.11
-0.1
-0.09
-0.08
-0.07
-0.06
-0.06
-0.05
-0.04
-0.03
-0.02
-0.02
-0.01
-0.01
-0.01
-0.0
-0.0
-0.0
-0.0
-0.0
-0.0
-0.0
-0.0
-0.0
-0.0
-0.0
0.0
0.0
0.0
0.0
0.0
0.0
0.0
-0.0
-0.0
-0.01
-0.01
-0.02
-0.02
-0.03
-0.03
-0.04
-0.04
-0.05
-0.05
-0.05
-0.06
-0.06
-0.06
-0.07
-0.07
-0.07
-0.08
-0.08
-0.08
-0.09
-0.09
-0.09
-0.09
-0.09
-0.09
-0.09
-0.09
-0.09
-0.09
-0.09
-0.09
-0.09
-0.09
-0.09
-0.1
-0.1
-0.1
-0.1
-0.09
-0.09
-0.09
-0.09
-0.08
-0.08
-0.07
-0.07
-0.06
-0.05
-0.04
-0.03
-0.03
-0.02
-0.01
-0.0
0.0
0.01
0.01
0.01
0.01
0.0
0.0
-0.0
-0.01
-0.02
-0.02
-0.03
-0.04
-0.04
-0.05
-0.06
-0.06
-0.07
-0.07
-0.08
-0.08
-0.09
-0.09
-0.09
-0.09
-0.09
-0.09
-0.09
-0.09
-0.08
-0.08
-0.08
-0.07
-0.07
-0.06
-0.05
-0.05
-0.04
-0.03
-0.02
-0.01
-0.0
0.0
0.01
0.02
0.02
0.03
0.03
0.03
0.03
0.03
0.03
0.03
0.03
0.02
0.02
0.01
0.01
0.0
-0.0
-0.01
-0.02
-0.02
-0.03
-0.03
-0.04
-0.04
-0.05
-0.05
-0.05
-0.06
-0.06
-0.06
-0.06
-0.06
-0.06
-0.06
-0.06
-0.06
-0.06
-0.07
-0.07
-0.07
-0.07
-0.07
-0.08
-0.08
-0.08
-0.07
-0.07
-0.07
-0.07
-0.07
-0.06
-0.06
-0.06
-0.05
-0.05
-0.05
-0.04
-0.04
-0.04
-0.03
-0.03
-0.03
-0.03
-0.02
-0.02
-0.02
-0.02
-0.02
-0.02
-0.02
-0.01
-0.01
-0.01
-0.01
-0.01
-0.01
-0.01
-0.01
-0.01
-0.01
-0.01
-0.02
-0.02
-0.03
-0.03
-0.04
-0.05
-0.05
-0.06
-0.07
-0.08
-0.08
-0.09
-0.09
-0.1
-0.1
-0.1
-0.11
-0.11
-0.11
-0.11
-0.11
-0.1
-0.1
-0.09
-0.09
-0.08
-0.07
-0.06
-0.05
-0.04
-0.03
-0.02
-0.01
0.0
0.01
0.02
0.03
0.03
0.04
0.04
0.05
0.05
0.05
0.05
0.04
0.03
0.03
0.02
0.01
-0.0
-0.02
-0.03
-0.04
-0.06
-0.07
-0.08
-0.09
-0.1
-0.11
-0.12
-0.13
-0.14
-0.14
-0.14
-0.15
-0.15
-0.15
-0.15
-0.14
-0.14
-0.13
-0.12
-0.12
-0.11
-0.1
-0.09
-0.08
-0.07
-0.06
-0.05
-0.04
-0.03
-0.02
-0.01
-0.01
-0.0
0.0
0.0
0.01
0.01
0.0
0.0
-0.0
-0.01
-0.01
-0.02
-0.02
-0.03
-0.03
-0.04
-0.04
-0.05
-0.05
-0.05
-0.05
-0.05
-0.05
-0.05
-0.05
-0.04
-0.04
-0.04
-0.04
-0.04
-0.04
-0.03
-0.03
-0.03
-0.03
-0.02
-0.02
-0.02
-0.02
-0.01
-0.01
-0.01
-0.01
-0.01
-0.01
-0.01
-0.01
-0.01
-0.02
-0.02
-0.03
-0.03
-0.03
-0.04
-0.04
-0.05
-0.05
-0.06
-0.06
-0.07
-0.07
-0.08
-0.09
-0.09
-0.1
-0.1
-0.11
-0.11
-0.11
-0.11
-0.11
-0.11
-0.11
-0.1
-0.1
-0.09
-0.09
-0.08
-0.07
-0.07
-0.06
-0.06
-0.05
-0.04
-0.04
-0.03
-0.03
-0.02
-0.02
-0.01
-0.01
-0.0
0.0
0.01
0.01
0.02
0.02
0.02
0.02
0.02
0.02
0.02
0.01
0.01
0.0
-0.0
-0.01
-0.01
-0.02
-0.03
-0.03
-0.04
-0.05
-0.05
-0.06
-0.06
-0.07
-0.07
-0.08
-0.08
-0.08
-0.09
-0.09
-0.09
-0.09
-0.08
-0.08
-0.08
-0.07
-0.07
-0.06
-0.06
-0.05
-0.04
-0.04
-0.03
-0.03
-0.02
-0.02
-0.01
-0.01
-0.0
0.0
0.01
0.01
0.02
0.02
0.02
0.02
0.02
0.02
0.02
0.01
0.01
0.0
-0.01
-0.01
-0.02
-0.03
-0.03
-0.04
-0.05
-0.05
-0.06
-0.06
-0.07
-0.07
-0.07
-0.07
-0.07
-0.07
-0.07
-0.07
-0.07
-0.06
-0.06
-0.06
-0.05
-0.05
-0.05
-0.04
-0.04
-0.03
-0.03
-0.02
-0.02
-0.01
-0.01
-0.0
0.01
0.01
0.02
0.02
0.02
0.02
0.03
0.02
0.02
0.02
0.01
0.01
-0.0
-0.01
-0.02
-0.03
-0.04
-0.05
-0.06
-0.07
-0.08
-0.08
-0.09
-0.1
-0.1
-0.11
-0.11
-0.11
-0.11
-0.11
-0.11
-0.11
-0.11
-0.11
-0.11
-0.1
-0.1
-0.1
-0.09
-0.08
-0.08
-0.07
-0.06
-0.05
-0.05
-0.04
-0.03
-0.03
-0.02
-0.02
-0.02
-0.02
-0.02
-0.02
-0.02
-0.02
-0.02
-0.02
-0.02
-0.02
-0.02
-0.02
-0.02
-0.03
-0.03
-0.04
-0.04
-0.05
-0.05
-0.06
-0.06
-0.06
-0.07
-0.07
-0.07
-0.07
-0.07
-0.08
-0.08
-0.08
-0.08
-0.07
-0.07
-0.07
-0.07
-0.07
-0.07
-0.06
-0.06
-0.06
-0.05
-0.05
-0.05
-0.04
-0.04
-0.03
-0.03
-0.02
-0.02
-0.02
-0.02
-0.01
-0.01
-0.01
-0.01
-0.01
-0.01
-0.01
