0.0
0.0
-0.0
-0.01
-0.01
-0.02
-0.02
-0.02
-0.03
-0.04
-0.04
-0.05
-0.05
-0.06
-0.07
-0.07
-0.08
-0.08
-0.08
-0.09
-0.08
-0.08
-0.08
-0.08
-0.07
-0.06
-0.06
-0.05
-0.04
-0.03
-0.03
-0.02
-0.01
-0.01
-0.0
0.0
0.0
0.01
0.01
0.02
0.02
0.02
0.03
0.03
0.03
0.04
0.04
0.04
0.04
0.04
0.04
0.03
0.03
0.03
0.02
0.02
0.02
0.01
0.01
-0.0
-0.01
-0.01
-0.02
-0.02
-0.03
-0.03
-0.04
-0.04
-0.04
-0.04
-0.05
-0.05
-0.05
-0.05
-0.05
-0.05
-0.05
-0.04
-0.04
-0.04
-0.04
-0.03
-0.03
-0.02
-0.01
-0.01
0.0
0.01
0.02
0.02
0.03
0.03
0.04
0.04
0.04
0.04
0.04
0.03
0.03
0.02
0.01
0.01
-0.0
-0.01
-0.01
-0.02
-0.02
-0.02
-0.02
-0.03
-0.03
-0.03
-0.03
-0.03
-0.03
-0.03
-0.03
-0.02
-0.02
-0.02
-0.02
-0.02
-0.03
-0.03
-0.03
-0.03
-0.04
-0.04
-0.05
-0.05
-0.06
-0.06
-0.07
-0.07
-0.07
-0.08
-0.08
-0.08
-0.08
-0.07
-0.07
-0.07
-0.06
-0.06
-0.05
-0.05
-0.04
-0.04
-0.03
-0.02
-0.01
-0.0
0.0
0.01
0.02
0.03
0.03
0.04
0.05
0.05
0.06
0.06
0.07
0.08
0.08
0.09
0.09
0.1
0.1
0.1
0.1
0.1
0.1
0.09
0.09
0.09
0.08
0.08
0.07
0.07
0.06
0.05
0.04
0.03
0.02
-0.0
-0.02
-0.04
-0.06
-0.08
-0.09
-0.11
-0.12
-0.13
-0.14
-0.14
-0.14
-0.14
-0.13
-0.12
-0.11
-0.1
-0.08
-0.07
-0.05
-0.04
-0.02
-0.01
0.0
0.01
0.01
0.01
0.01
-0.0
-0.01
-0.03
-0.04
-0.06
-0.08
-0.1
-0.12
-0.15
-0.17
-0.19
-0.22
-0.25
-0.27
-0.3
-0.32
-0.35
-0.37
-0.39
-0.4
-0.42
-0.43
-0.43
-0.43
-0.43
-0.42
-0.41
-0.4
-0.38
-0.36
-0.33
-0.3
-0.27
-0.23
-0.19
-0.16
-0.12
-0.08
-0.05
-0.03
-0.01
0.0
0.01
0.0
-0.0
-0.01
-0.03
-0.04
-0.04
-0.05
-0.04
-0.03
-0.01
0.01
0.04
0.07
0.1
0.13
0.16
0.18
0.18
0.18
0.17
0.15
0.12
0.09
0.04
-0.01
-0.06
-0.12
-0.17
-0.22
-0.26
-0.29
-0.31
-0.33
-0.33
-0.32
-0.3
-0.28
-0.24
-0.2
-0.16
-0.11
-0.05
0.01
0.06
0.12
0.18
0.24
0.3
0.37
0.43
0.5
0.57
0.64
0.72
0.81
0.9
0.99
1.09
1.19
1.29
1.38
1.47
1.56
1.63
1.69
1.74
1.78
1.8
1.8
1.79
1.77
1.72
1.65
1.56
1.45
1.33
1.19
1.04
0.87
0.71
0.53
0.36
0.2
0.03
-0.12
-0.27
-0.4
-0.52
-0.64
-0.74
-0.83
-0.91
-0.99
-1.05
-1.11
-1.16
-1.21
-1.26
-1.31
-1.36
-1.41
-1.47
-1.52
-1.58
-1.63
-1.67
-1.72
-1.75
-1.78
-1.8
-1.8
-1.8
-1.78
-1.75
-1.7
-1.64
-1.56
-1.46
-1.36
-1.24
-1.11
-0.97
-0.83
-0.68
-0.53
-0.37
-0.22
-0.06
0.09
0.25
0.41
0.56
0.72
0.87
1.01
1.16
1.29
1.42
1.54
1.65
1.75
1.84
1.91
1.97
2.01
2.02
2.01
1.97
1.9
1.81
1.69
1.54
1.38
1.19
0.99
0.78
0.57
0.35
0.14
-0.06
-0.26
-0.44
-0.61
-0.76
-0.89
-1.01
-1.12
-1.2
-1.28
-1.33
-1.38
-1.41
-1.42
-1.43
-1.43
-1.42
-1.4
-1.39
-1.37
-1.35
-1.33
-1.32
-1.3
-1.29
-1.27
-1.25
-1.23
-1.19
-1.15
-1.1
-1.04
-0.96
-0.87
-0.76
-0.63
-0.48
-0.32
-0.15
0.04
0.23
0.42
0.62
0.8
0.98
1.15
1.31
1.45
1.59
1.72
1.84
1.95
2.06
2.14
2.22
2.27
2.29
2.3
2.27
2.22
2.14
2.03
1.89
1.74
1.56
1.37
1.17
0.95
0.73
0.51
0.28
0.06
-0.16
-0.36
-0.55
-0.73
-0.88
-1.01
-1.12
-1.21
-1.28
-1.33
-1.36
-1.37
-1.37
-1.36
-1.35
-1.32
-1.3
-1.27
-1.24
-1.21
-1.18
-1.16
-1.13
-1.11
-1.08
-1.05
-1.02
-0.99
-0.96
-0.91
-0.86
-0.81
-0.74
-0.67
-0.59
-0.5
-0.39
-0.28
-0.15
-0.01
0.14
0.3
0.45
0.61
0.76
0.9
1.02
1.13
1.23
1.3
1.36
1.4
1.43
1.44
1.43
1.41
1.37
1.32
1.26
1.18
1.1
1.0
0.9
0.78
0.66
0.54
0.41
0.27
0.13
-0.02
-0.17
-0.32
-0.47
-0.62
-0.77
-0.91
-1.04
-1.16
-1.27
-1.37
-1.45
-1.51
-1.57
-1.6
-1.63
-1.64
-1.64
-1.64
-1.62
-1.6
-1.56
-1.52
-1.47
-1.41
-1.34
-1.26
-1.18
-1.1
-1.01
-0.92
-0.84
-0.75
-0.66
-0.58
-0.49
-0.39
-0.28
-0.17
-0.03
0.11
0.28
0.45
0.62
0.8
0.97
1.13
1.29
1.44
1.58
1.71
1.83
1.94
2.04
2.12
2.2
2.25
2.29
2.3
2.3
2.26
2.21
2.12
2.01
1.88
1.73
1.55
1.37
1.17
0.97
0.76
0.56
0.35
0.14
-0.06
-0.25
-0.44
-0.61
-0.78
-0.94
-1.09
-1.22
-1.34
-1.44
-1.53
-1.61
-1.67
-1.71
-1.75
-1.77
-1.79
-1.8
-1.79
-1.79
-1.77
-1.75
-1.72
-1.69
-1.64
-1.59
-1.54
-1.47
-1.39
-1.31
-1.21
-1.11
-1.0
-0.88
-0.76
-0.63
-0.5
-0.37
-0.24
-0.11
0.02
0.15
0.28
0.42
0.56
0.71
0.86
1.01
1.16
1.3
1.42
1.53
1.62
1.68
1.72
1.72
1.7
1.66
1.59
1.51
1.41
1.3
1.18
1.06
0.93
0.8
0.68
0.56
0.44
0.33
0.21
0.1
-0.01
-0.12
-0.23
-0.35
-0.47
-0.59
-0.71
-0.83
-0.96
-1.08
-1.2
-1.31
-1.41
-1.5
-1.57
-1.63
-1.67
-1.68
-1.68
-1.65
-1.6
-1.52
-1.42
-1.3
-1.16
-1.0
-0.83
-0.64
-0.45
-0.25
-0.04
0.16
0.35
0.55
0.74
0.93
1.12
1.3
1.48
1.65
1.82
1.96
2.09
2.19
2.26
2.3
2.3
2.27
2.21
2.12
2.01
1.87
1.71
1.54
1.35
1.16
0.96
0.75
0.55
0.35
0.16
-0.03
-0.21
-0.38
-0.54
-0.69
-0.82
-0.95
-1.06
-1.16
-1.26
-1.34
-1.41
-1.47
-1.52
-1.56
-1.59
-1.61
-1.62
-1.61
-1.6
-1.59
-1.56
-1.53
-1.5
-1.46
-1.42
-1.37
-1.32
-1.26
-1.19
-1.11
-1.03
-0.93
-0.83
-0.72
-0.59
-0.46
-0.32
-0.16
-0.0
0.16
0.33
0.5
0.67
0.84
1.0
1.15
1.29
1.42
1.54
1.65
1.74
1.81
1.86
1.89
1.88
1.85
1.78
1.69
1.57
1.43
1.27
1.1
0.92
0.75
0.57
0.4
0.24
0.09
-0.06
-0.2
-0.33
-0.45
-0.57
-0.68
-0.78
-0.88
-0.97
-1.05
-1.13
-1.2
-1.27
-1.33
-1.39
-1.44
-1.48
-1.52
-1.54
-1.56
-1.57
-1.57
-1.56
-1.55
-1.52
-1.49
-1.45
-1.4
-1.35
-1.29
-1.22
-1.15
-1.07
-0.98
-0.88
-0.76
-0.64
-0.5
-0.35
-0.18
-0.01
0.18
0.37
0.56
0.76
0.95
1.14
1.33
1.51
1.7
1.88
2.06
2.24
2.41
2.58
2.73
2.87
2.98
3.07
3.12
3.14
3.12
3.06
2.96
2.82
2.65
2.44
2.19
1.92
1.61
1.29
0.95
0.59
0.23
-0.13
-0.48
-0.82
-1.15
-1.45
-1.73
-1.98
-2.2
-2.38
-2.53
-2.65
-2.74
-2.79
-2.82
-2.81
-2.79
-2.74
-2.67
-2.6
-2.51
-2.42
-2.32
-2.21
-2.11
-2.0
-1.89
-1.78
-1.66
-1.55
-1.43
-1.31
-1.18
-1.05
-0.92
-0.78
-0.64
-0.49
-0.33
-0.16
0.01
0.18
0.35
0.52
0.69
0.85
1.0
1.15
1.29
1.43
1.56
1.68
1.8
1.9
1.98
2.05
2.09
2.12
2.11
2.08
2.03
1.95
1.84
1.72
1.58
1.43
1.27
1.1
0.92
0.74
0.56
0.38
0.2
0.02
-0.16
-0.34
-0.51
-0.68
-0.85
-1.0
-1.15
-1.29
-1.41
-1.52
-1.62
-1.71
-1.78
-1.83
-1.87
-1.89
-1.89
-1.88
-1.86
-1.81
-1.76
-1.69
-1.61
-1.52
-1.42
-1.32
-1.2
-1.07
-0.94
-0.79
-0.63
-0.46
-0.28
-0.09
0.1
0.29
0.48
0.66
0.82
0.98
1.12
1.25
1.38
1.51
1.63
1.76
1.88
2.0
2.11
2.2
2.28
2.33
2.36
2.36
2.32
2.26
2.17
2.04
1.9
1.72
1.53
1.32
1.09
0.86
0.61
0.37
0.13
-0.11
-0.34
-0.55
-0.74
-0.92
-1.07
-1.21
-1.32
-1.42
-1.5
-1.56
-1.61
-1.64
-1.66
-1.67
-1.67
-1.66
-1.65
-1.63
-1.61
-1.59
-1.56
-1.53
-1.5
-1.46
-1.42
-1.38
-1.33
-1.27
-1.21
-1.14
-1.06
-0.96
-0.86
-0.74
-0.6
-0.45
-0.28
-0.09
0.11
0.32
0.54
0.76
0.97
1.17
1.36
1.54
1.71
1.87
2.01
2.15
2.26
2.36
2.43
2.48
2.5
2.48
2.43
2.34
2.21
2.05
1.87
1.66
1.44
1.21
0.97
0.73
0.49
0.26
0.04
-0.17
-0.37
-0.56
-0.73
-0.9
-1.04
-1.18
-1.3
-1.4
-1.49
-1.57
-1.63
-1.68
-1.72
-1.75
-1.77
-1.78
-1.78
-1.77
-1.75
-1.72
-1.68
-1.62
-1.55
-1.48
-1.39
-1.29
-1.18
-1.07
-0.95
-0.82
-0.69
-0.56
-0.42
-0.28
-0.13
0.01
0.16
0.31
0.46
0.61
0.75
0.89
1.03
1.15
1.27
1.37
1.46
1.54
1.61
1.67
1.73
1.78
1.83
1.86
1.87
1.86
1.83
1.76
1.66
1.52
1.36
1.17
0.96
0.74
0.51
0.29
0.09
-0.11
-0.29
-0.45
-0.59
-0.72
-0.83
-0.93
-1.01
-1.07
-1.11
-1.14
-1.15
-1.14
-1.11
-1.07
-1.01
-0.94
-0.87
-0.79
-0.71
-0.64
-0.56
-0.49
-0.42
-0.36
-0.31
-0.26
-0.23
-0.2
-0.18
-0.16
-0.15
-0.15
-0.15
-0.16
-0.16
-0.17
-0.19
-0.2
-0.22
-0.24
-0.25
-0.28
-0.3
-0.33
-0.35
-0.38
-0.4
-0.41
-0.43
-0.43
-0.43
-0.42
-0.4
-0.38
-0.35
-0.33
-0.3
-0.27
-0.24
-0.21
-0.18
-0.15
-0.13
-0.1
-0.07
-0.04
-0.0
0.03
0.07
0.1
0.13
0.17
0.2
0.23
0.25
0.27
0.28
0.28
0.28
0.27
0.25
0.22
0.18
0.14
0.1
0.06
0.02
-0.01
-0.04
-0.06
-0.08
-0.09
-0.09
-0.09
-0.09
-0.08
-0.07
-0.06
-0.05
-0.04
-0.02
-0.01
0.01
0.02
0.04
0.05
0.06
0.07
0.08
0.09
0.1
0.1
0.1
0.1
0.1
0.1
0.1
0.1
0.1
0.11
0.11
0.12
0.13
0.15
0.16
0.17
0.18
0.19
0.19
0.19
0.18
0.18
0.16
0.14
0.12
0.09
0.07
0.04
0.0
-0.03
-0.06
-0.08
-0.11
-0.13
-0.15
-0.16
-0.17
-0.17
-0.17
-0.17
-0.17
-0.16
-0.15
-0.15
-0.14
-0.14
-0.13
-0.13
-0.13
-0.13
-0.13
-0.13
-0.14
-0.14
-0.14
-0.14
-0.14
-0.14
-0.14
-0.13
-0.13
-0.12
-0.11
-0.1
-0.09
-0.08
-0.06
-0.05
-0.04
-0.03
-0.01
0.0
0.01
0.03
0.04
0.05
0.06
0.07
0.08
0.08
0.09
0.09
0.1
0.1
0.1
0.11
0.11
0.1
0.1
0.1
0.1
0.09
0.09
0.08
0.07
0.06
0.05
0.04
0.03
0.02
0.0
-0.01
-0.03
-0.04
-0.06
-0.07
-0.09
-0.1
-0.11
-0.12
-0.13
-0.14
-0.14
-0.14
-0.14
-0.14
-0.14
-0.14
-0.13
-0.12
-0.11
-0.1
-0.09
-0.08
-0.07
-0.06
-0.05
-0.04
-0.03
-0.02
-0.0
0.01
0.02
0.03
0.04
0.04
0.05
0.06
0.07
0.07
0.08
0.08
0.08
0.08
0.08
0.08
0.08
0.08
0.07
0.07
0.06
0.06
0.05
0.05
0.04
0.03
0.03
0.02
0.02
0.01
0.01
0.0
-0.0
-0.0
-0.01
-0.01
-0.01
-0.01
-0.01
-0.01
-0.01
-0.01
-0.01
-0.01
-0.02
-0.02
-0.02
-0.02
-0.03
-0.03
-0.03
-0.03
-0.04
-0.04
-0.04
-0.04
-0.04
-0.04
-0.04
-0.04
-0.04
-0.04
-0.04
-0.04
-0.04
-0.04
-0.04
-0.04
-0.03
-0.03
-0.02
-0.01
-0.0
0.01
0.02
0.03
0.04
0.05
0.06
0.07
0.07
0.08
0.08
0.09
0.09
0.09
0.08
0.08
0.07
0.06
0.05
0.04
0.03
0.02
0.01
0.0
-0.01
-0.02
-0.03
-0.04
-0.05
-0.07
-0.08
-0.09
-0.1
-0.11
-0.11
-0.12
-0.13
-0.13
-0.14
-0.14
-0.14
-0.14
-0.14
-0.14
-0.14
-0.13
-0.13
-0.12
-0.11
-0.1
-0.09
-0.08
-0.07
-0.06
-0.05
-0.03
-0.02
-0.01
-0.0
0.0
0.01
0.02
0.02
0.02
0.02
0.02
0.02
0.02
0.01
0.01
0.01
0.0
-0.0
-0.01
-0.01
-0.01
-0.02
-0.02
-0.02
-0.02
-0.02
-0.02
-0.02
-0.02
-0.02
-0.02
-0.02
-0.02
-0.02
-0.02
-0.02
-0.02
-0.02
-0.02
-0.02
-0.01
-0.01
-0.01
-0.0
0.0
0.01
0.01
0.02
0.02
0.03
0.03
0.03
0.04
0.04
0.04
0.04
0.04
0.04
0.04
0.04
0.04
0.04
0.04
0.03
0.03
0.02
0.02
0.02
0.01
0.01
0.0
-0.0
-0.01
-0.01
-0.02
-0.03
-0.03
-0.04
-0.05
-0.06
-0.06
-0.07
-0.07
-0.08
-0.08
-0.09
-0.09
-0.09
-0.09
-0.09
-0.09
-0.08
-0.08
-0.07
-0.07
-0.06
-0.05
-0.04
-0.03
-0.02
-0.01
-0.0
0.01
0.01
0.02
0.03
0.04
0.04
0.05
0.05
0.05
0.05
0.05
0.05
0.05
0.04
0.04
0.03
0.03
0.02
0.02
0.01
0.0
-0.0
-0.01
-0.01
-0.01
-0.02
-0.02
-0.02
-0.02
-0.02
-0.03
-0.03
-0.02
-0.02
-0.02
-0.02
-0.02
-0.01
-0.01
-0.01
-0.0
-0.0
0.0
0.0
0.01
0.01
0.01
0.01
0.0
-0.0
-0.0
-0.01
-0.02
-0.02
-0.03
-0.04
-0.05
-0.05
-0.06
-0.06
-0.07
-0.07
-0.07
-0.08
-0.08
-0.08
-0.08
-0.08
-0.08
-0.08
-0.08
-0.08
-0.08
-0.07
-0.07
-0.07
-0.06
-0.06
-0.05
-0.04
-0.03
-0.03
-0.02
-0.01
-0.0
0.01
0.01
0.02
0.02
0.02
0.03
0.03
0.03
0.03
0.03
0.03
0.03
0.03
0.03
0.03
0.03
0.03
0.03
0.03
0.02
0.02
0.02
0.02
0.01
0.01
0.01
0.0
0.0
-0.0
-0.01
-0.01
-0.01
-0.01
-0.02
-0.02
-0.02
-0.02
-0.02
-0.01
-0.01
-0.01
-0.01
-0.0
0.0
0.0
0.01
0.01
0.01
0.01
0.01
0.01
0.01
0.0
0.0
-0.0
-0.01
-0.01
-0.02
-0.02
-0.02
-0.02
-0.03
-0.03
-0.03
-0.03
-0.03
-0.03
-0.03
-0.03
-0.03
-0.03
-0.03
-0.03
-0.03
-0.03
-0.02
-0.02
-0.02
-0.02
-0.01
-0.01
-0.0
-0.0
0.0
0.0
0.0
0.01
0.01
0.0
0.0
0.0
-0.0
-0.0
-0.01
-0.01
-0.02
-0.02
-0.03
-0.03
-0.04
-0.04
-0.04
-0.04
-0.04
-0.04
-0.05
-0.04
-0.04
-0.04
-0.04
-0.04
-0.04
-0.04
-0.03
-0.03
-0.03
-0.03
-0.02
-0.02
-0.02
-0.01
-0.01
-0.01
-0.0
-0.0
0.0
0.0
0.01
0.01
0.01
0.02
0.02
0.02
0.02
0.03
0.03
0.03
0.03
0.03
0.03
0.03
0.03
0.03
0.03
0.02
0.02
0.02
0.02
0.02
0.02
0.02
0.02
0.02
0.02
0.02
0.02
0.02
0.02
0.02
0.02
0.02
0.02
0.01
0.01
0.01
0.01
0.0
0.0
-0.0
-0.01
-0.01
-0.01
-0.02
-0.02
-0.02
-0.03
-0.03
-0.03
-0.04
-0.04
-0.05
-0.05
-0.05
-0.06
-0.06
-0.06
-0.06
-0.07
-0.07
-0.07
-0.07
-0.06
-0.06
-0.06
-0.05
-0.05
-0.05
-0.04
-0.03
-0.03
-0.02
-0.02
-0.01
-0.0
0.01
0.01
0.02
0.03
0.04
0.04
0.05
0.06
0.06
0.07
0.07
0.07
0.07
0.07
0.07
0.07
0.06
0.06
0.05
0.04
0.04
0.03
0.02
0.01
0.01
-0.0
-0.01
-0.01
-0.02
-0.02
-0.03
-0.03
-0.03
-0.03
-0.03
-0.03
-0.03
-0.02
-0.02
-0.02
-0.01
-0.01
-0.0
0.0
0.01
0.01
0.02
0.02
0.03
0.03
0.04
0.04
0.04
0.04
0.04
0.04
0.04
