-0.04
-0.05
-0.06
-0.07
-0.08
-0.09
-0.09
-0.1
-0.1
-0.11
-0.11
-0.11
-0.12
-0.12
-0.12
-0.12
-0.13
-0.13
-0.12
-0.12
-0.12
-0.12
-0.11
-0.11
-0.1
-0.1
-0.09
-0.08
-0.07
-0.06
-0.05
-0.04
-0.03
-0.02
-0.01
-0.0
0.0
0.01
0.01
0.02
0.02
0.02
0.03
0.03
0.03
0.03
0.03
0.03
0.02
0.02
0.02
0.02
0.02
0.01
0.01
0.01
0.0
-0.01
-0.01
-0.02
-0.02
-0.03
-0.03
-0.04
-0.04
-0.04
-0.05
-0.05
-0.05
-0.05
-0.05
-0.05
-0.05
-0.05
-0.06
-0.06
-0.06
-0.06
-0.06
-0.06
-0.06
-0.06
-0.06
-0.06
-0.06
-0.06
-0.06
-0.06
-0.07
-0.07
-0.07
-0.07
-0.07
-0.07
-0.07
-0.07
-0.07
-0.07
-0.07
-0.07
-0.07
-0.06
-0.06
-0.06
-0.06
-0.05
-0.05
-0.05
-0.05
-0.05
-0.05
-0.05
-0.05
-0.05
-0.05
-0.05
-0.05
-0.05
-0.05
-0.05
-0.05
-0.05
-0.05
-0.05
-0.05
-0.04
-0.04
-0.04
-0.04
-0.04
-0.04
-0.04
-0.04
-0.03
-0.03
-0.03
-0.02
-0.02
-0.01
-0.01
-0.01
-0.0
0.0
0.01
0.01
0.01
0.01
0.01
0.01
0.01
0.01
0.01
0.01
0.0
0.0
-0.0
-0.01
-0.02
-0.02
-0.03
-0.04
-0.04
-0.05
-0.06
-0.07
-0.07
-0.08
-0.09
-0.09
-0.1
-0.1
-0.11
-0.11
-0.12
-0.12
-0.12
-0.13
-0.13
-0.13
-0.13
-0.12
-0.11
-0.1
-0.09
-0.07
-0.06
-0.04
-0.02
0.0
0.02
0.04
0.06
0.07
0.08
0.09
0.1
0.11
0.11
0.11
0.11
0.11
0.11
0.1
0.1
0.09
0.09
0.08
0.07
0.06
0.05
0.04
0.03
0.02
0.0
-0.01
-0.03
-0.04
-0.05
-0.07
-0.08
-0.09
-0.1
-0.1
-0.11
-0.12
-0.12
-0.13
-0.14
-0.15
-0.16
-0.17
-0.18
-0.19
-0.2
-0.21
-0.22
-0.23
-0.23
-0.23
-0.23
-0.22
-0.21
-0.19
-0.17
-0.16
-0.14
-0.12
-0.1
-0.08
-0.07
-0.06
-0.04
-0.03
-0.02
-0.01
0.01
0.02
0.04
0.06
0.08
0.09
0.1
0.11
0.11
0.1
0.08
0.06
0.03
-0.0
-0.04
-0.07
-0.11
-0.14
-0.17
-0.2
-0.22
-0.23
-0.24
-0.25
-0.24
-0.24
-0.22
-0.21
-0.19
-0.18
-0.17
-0.16
-0.16
-0.17
-0.18
-0.19
-0.21
-0.23
-0.26
-0.28
-0.3
-0.31
-0.31
-0.31
-0.3
-0.28
-0.25
-0.21
-0.17
-0.13
-0.08
-0.03
0.02
0.07
0.11
0.16
0.2
0.23
0.26
0.29
0.31
0.33
0.34
0.36
0.37
0.39
0.4
0.42
0.44
0.46
0.48
0.5
0.52
0.55
0.57
0.59
0.61
0.63
0.66
0.68
0.71
0.74
0.77
0.8
0.83
0.86
0.88
0.89
0.9
0.9
0.9
0.88
0.85
0.82
0.78
0.73
0.67
0.61
0.54
0.46
0.38
0.29
0.19
0.09
-0.02
-0.13
-0.24
-0.35
-0.46
-0.56
-0.66
-0.76
-0.85
-0.93
-1.0
-1.07
-1.13
-1.19
-1.24
-1.28
-1.31
-1.34
-1.36
-1.36
-1.36
-1.34
-1.31
-1.27
-1.21
-1.15
-1.07
-0.98
-0.88
-0.77
-0.65
-0.53
-0.41
-0.29
-0.16
-0.04
0.07
0.18
0.29
0.4
0.49
0.58
0.66
0.74
0.81
0.88
0.94
1.01
1.06
1.11
1.16
1.19
1.21
1.22
1.21
1.19
1.14
1.07
0.99
0.89
0.78
0.65
0.53
0.4
0.27
0.14
0.01
-0.11
-0.22
-0.34
-0.44
-0.54
-0.64
-0.73
-0.82
-0.9
-0.98
-1.06
-1.13
-1.2
-1.26
-1.32
-1.37
-1.42
-1.46
-1.5
-1.53
-1.54
-1.55
-1.55
-1.54
-1.52
-1.48
-1.44
-1.39
-1.32
-1.25
-1.16
-1.07
-0.96
-0.84
-0.71
-0.57
-0.42
-0.26
-0.1
0.07
0.24
0.4
0.56
0.71
0.84
0.97
1.08
1.18
1.27
1.35
1.42
1.49
1.54
1.59
1.63
1.65
1.66
1.65
1.62
1.58
1.52
1.44
1.35
1.25
1.14
1.01
0.88
0.74
0.59
0.43
0.27
0.11
-0.05
-0.21
-0.35
-0.49
-0.62
-0.74
-0.84
-0.93
-1.01
-1.08
-1.13
-1.18
-1.22
-1.24
-1.26
-1.27
-1.28
-1.27
-1.26
-1.24
-1.22
-1.19
-1.15
-1.1
-1.04
-0.98
-0.9
-0.82
-0.73
-0.63
-0.53
-0.43
-0.31
-0.2
-0.08
0.04
0.16
0.29
0.42
0.55
0.68
0.82
0.95
1.07
1.19
1.3
1.4
1.48
1.55
1.59
1.63
1.64
1.63
1.6
1.55
1.48
1.39
1.3
1.19
1.07
0.95
0.82
0.7
0.57
0.45
0.33
0.21
0.09
-0.03
-0.14
-0.26
-0.38
-0.5
-0.63
-0.76
-0.89
-1.02
-1.15
-1.28
-1.4
-1.52
-1.62
-1.71
-1.79
-1.85
-1.89
-1.91
-1.91
-1.89
-1.86
-1.8
-1.74
-1.65
-1.56
-1.45
-1.34
-1.22
-1.1
-0.97
-0.84
-0.71
-0.57
-0.44
-0.29
-0.15
-0.0
0.14
0.28
0.42
0.55
0.68
0.8
0.92
1.02
1.12
1.22
1.3
1.36
1.42
1.46
1.48
1.49
1.49
1.47
1.45
1.41
1.36
1.3
1.23
1.14
1.05
0.94
0.82
0.7
0.57
0.44
0.31
0.17
0.04
-0.09
-0.22
-0.34
-0.46
-0.57
-0.67
-0.76
-0.85
-0.93
-1.0
-1.07
-1.13
-1.18
-1.22
-1.25
-1.28
-1.29
-1.3
-1.3
-1.29
-1.27
-1.24
-1.21
-1.18
-1.13
-1.08
-1.03
-0.96
-0.9
-0.82
-0.75
-0.66
-0.58
-0.49
-0.39
-0.29
-0.2
-0.1
0.0
0.1
0.2
0.3
0.4
0.5
0.59
0.69
0.77
0.85
0.92
0.97
1.01
1.03
1.04
1.03
1.02
0.99
0.95
0.91
0.86
0.81
0.76
0.7
0.64
0.58
0.51
0.44
0.35
0.26
0.16
0.05
-0.06
-0.19
-0.31
-0.44
-0.57
-0.7
-0.82
-0.94
-1.06
-1.17
-1.27
-1.35
-1.43
-1.49
-1.53
-1.56
-1.57
-1.56
-1.53
-1.49
-1.43
-1.36
-1.28
-1.19
-1.09
-0.98
-0.87
-0.75
-0.63
-0.51
-0.38
-0.25
-0.12
0.01
0.15
0.28
0.41
0.54
0.67
0.8
0.93
1.06
1.19
1.31
1.43
1.54
1.63
1.71
1.77
1.8
1.81
1.8
1.77
1.72
1.66
1.58
1.48
1.38
1.26
1.14
1.01
0.88
0.74
0.6
0.46
0.32
0.18
0.04
-0.09
-0.21
-0.33
-0.45
-0.56
-0.66
-0.76
-0.86
-0.95
-1.03
-1.11
-1.18
-1.24
-1.29
-1.33
-1.36
-1.38
-1.39
-1.38
-1.37
-1.35
-1.31
-1.27
-1.23
-1.17
-1.11
-1.05
-0.97
-0.88
-0.79
-0.69
-0.58
-0.46
-0.33
-0.19
-0.05
0.1
0.26
0.42
0.58
0.74
0.89
1.04
1.17
1.3
1.42
1.52
1.61
1.68
1.74
1.77
1.79
1.78
1.74
1.68
1.6
1.49
1.36
1.22
1.07
0.91
0.74
0.57
0.4
0.24
0.07
-0.08
-0.24
-0.38
-0.52
-0.65
-0.78
-0.89
-1.01
-1.11
-1.21
-1.3
-1.39
-1.47
-1.55
-1.62
-1.69
-1.74
-1.79
-1.82
-1.84
-1.84
-1.83
-1.8
-1.75
-1.69
-1.62
-1.53
-1.43
-1.32
-1.21
-1.09
-0.96
-0.84
-0.71
-0.58
-0.45
-0.31
-0.17
-0.03
0.12
0.27
0.42
0.56
0.7
0.83
0.95
1.05
1.14
1.22
1.29
1.34
1.38
1.4
1.41
1.41
1.39
1.36
1.32
1.27
1.22
1.15
1.09
1.03
0.96
0.9
0.83
0.76
0.69
0.61
0.52
0.43
0.33
0.22
0.1
-0.02
-0.14
-0.26
-0.38
-0.5
-0.61
-0.71
-0.81
-0.9
-0.97
-1.04
-1.1
-1.14
-1.18
-1.2
-1.21
-1.22
-1.21
-1.19
-1.17
-1.14
-1.1
-1.06
-1.02
-0.97
-0.92
-0.87
-0.81
-0.75
-0.68
-0.61
-0.53
-0.44
-0.34
-0.23
-0.12
-0.0
0.12
0.23
0.35
0.46
0.57
0.68
0.79
0.89
0.99
1.08
1.16
1.23
1.28
1.32
1.33
1.33
1.3
1.25
1.19
1.1
1.0
0.9
0.78
0.66
0.53
0.41
0.29
0.17
0.05
-0.06
-0.17
-0.27
-0.38
-0.47
-0.57
-0.66
-0.76
-0.84
-0.93
-1.01
-1.09
-1.16
-1.22
-1.28
-1.33
-1.37
-1.41
-1.43
-1.43
-1.43
-1.41
-1.37
-1.32
-1.26
-1.18
-1.1
-1.0
-0.9
-0.79
-0.67
-0.56
-0.44
-0.32
-0.2
-0.08
0.04
0.16
0.28
0.39
0.5
0.6
0.69
0.78
0.86
0.94
1.02
1.1
1.18
1.26
1.35
1.43
1.51
1.58
1.64
1.68
1.7
1.7
1.68
1.63
1.57
1.48
1.38
1.27
1.14
1.01
0.87
0.72
0.58
0.44
0.29
0.16
0.03
-0.09
-0.2
-0.3
-0.39
-0.47
-0.54
-0.6
-0.67
-0.72
-0.78
-0.84
-0.9
-0.96
-1.02
-1.09
-1.15
-1.22
-1.28
-1.34
-1.4
-1.46
-1.5
-1.54
-1.57
-1.59
-1.59
-1.59
-1.57
-1.54
-1.49
-1.43
-1.35
-1.27
-1.17
-1.06
-0.93
-0.8
-0.66
-0.51
-0.35
-0.18
-0.01
0.17
0.34
0.51
0.67
0.83
0.98
1.11
1.23
1.34
1.43
1.5
1.56
1.59
1.61
1.6
1.57
1.51
1.44
1.34
1.22
1.09
0.95
0.8
0.65
0.5
0.35
0.21
0.07
-0.05
-0.17
-0.28
-0.38
-0.47
-0.55
-0.63
-0.7
-0.76
-0.82
-0.87
-0.92
-0.96
-0.99
-1.02
-1.04
-1.06
-1.07
-1.08
-1.08
-1.07
-1.06
-1.04
-1.01
-0.98
-0.95
-0.91
-0.88
-0.84
-0.81
-0.77
-0.74
-0.71
-0.68
-0.65
-0.62
-0.58
-0.53
-0.48
-0.43
-0.36
-0.28
-0.19
-0.1
0.01
0.13
0.25
0.37
0.5
0.62
0.75
0.87
1.0
1.12
1.24
1.36
1.47
1.57
1.65
1.71
1.74
1.75
1.74
1.69
1.63
1.54
1.43
1.32
1.2
1.07
0.94
0.81
0.67
0.54
0.41
0.28
0.15
0.02
-0.1
-0.21
-0.31
-0.4
-0.47
-0.53
-0.58
-0.61
-0.63
-0.64
-0.64
-0.64
-0.64
-0.63
-0.63
-0.63
-0.63
-0.63
-0.63
-0.64
-0.64
-0.65
-0.66
-0.67
-0.67
-0.67
-0.67
-0.67
-0.66
-0.65
-0.63
-0.62
-0.6
-0.58
-0.56
-0.54
-0.51
-0.47
-0.43
-0.38
-0.32
-0.25
-0.18
-0.11
-0.04
0.03
0.09
0.14
0.18
0.2
0.21
0.21
0.19
0.16
0.11
0.06
-0.0
-0.07
-0.14
-0.2
-0.27
-0.33
-0.39
-0.43
-0.48
-0.51
-0.53
-0.55
-0.56
-0.56
-0.56
-0.55
-0.53
-0.51
-0.49
-0.46
-0.43
-0.4
-0.36
-0.31
-0.27
-0.22
-0.16
-0.1
-0.04
0.02
0.08
0.14
0.2
0.26
0.31
0.36
0.41
0.45
0.48
0.51
0.53
0.55
0.55
0.55
0.55
0.53
0.52
0.5
0.47
0.44
0.41
0.37
0.34
0.3
0.25
0.21
0.16
0.12
0.07
0.03
-0.01
-0.05
-0.09
-0.13
-0.16
-0.19
-0.22
-0.24
-0.26
-0.27
-0.28
-0.29
-0.29
-0.29
-0.29
-0.29
-0.29
-0.28
-0.28
-0.27
-0.26
-0.26
-0.25
-0.25
-0.24
-0.24
-0.23
-0.22
-0.21
-0.2
-0.19
-0.17
-0.16
-0.14
-0.12
-0.11
-0.09
-0.08
-0.07
-0.06
-0.05
-0.05
-0.04
-0.04
-0.04
-0.05
-0.05
-0.05
-0.05
-0.05
-0.05
-0.05
-0.05
-0.05
-0.05
-0.05
-0.05
-0.05
-0.05
-0.04
-0.04
-0.04
-0.04
-0.04
-0.04
-0.04
-0.04
-0.03
-0.03
-0.02
-0.01
0.0
0.02
0.03
0.05
0.07
0.08
0.1
0.11
0.13
0.14
0.15
0.16
0.16
0.17
0.18
0.18
0.18
0.18
0.17
0.17
0.16
0.14
0.13
0.11
0.1
0.08
0.06
0.04
0.01
-0.01
-0.03
-0.05
-0.07
-0.09
-0.11
-0.13
-0.14
-0.16
-0.17
-0.18
-0.19
-0.19
-0.2
-0.19
-0.19
-0.18
-0.17
-0.15
-0.13
-0.11
-0.08
-0.05
-0.02
0.01
0.04
0.07
0.09
0.12
0.14
0.15
0.17
0.18
0.18
0.18
0.19
0.19
0.18
0.18
0.17
0.17
0.16
0.15
0.14
0.13
0.12
0.11
0.1
0.08
0.07
0.06
0.04
0.03
0.02
0.0
-0.01
-0.02
-0.04
-0.05
-0.06
-0.07
-0.07
-0.08
-0.08
-0.08
-0.08
-0.08
-0.08
-0.08
-0.08
-0.08
-0.07
-0.07
-0.07
-0.07
-0.07
-0.07
-0.07
-0.07
-0.07
-0.08
-0.08
-0.08
-0.08
-0.08
-0.07
-0.07
-0.07
-0.07
-0.06
-0.06
-0.05
-0.05
-0.04
-0.04
-0.03
-0.02
-0.02
-0.01
-0.0
0.0
0.01
0.01
0.02
0.02
0.02
0.02
0.02
0.02
0.01
0.01
0.0
-0.0
-0.01
-0.02
-0.03
-0.05
-0.06
-0.07
-0.08
-0.09
-0.1
-0.1
-0.11
-0.11
-0.12
-0.12
-0.12
-0.12
-0.12
-0.11
-0.11
-0.11
-0.1
-0.09
-0.09
-0.08
-0.07
-0.06
-0.05
-0.05
-0.04
-0.03
-0.02
-0.02
-0.01
-0.0
-0.0
0.0
0.0
0.0
0.0
-0.0
-0.0
-0.01
-0.01
-0.01
-0.02
-0.02
-0.02
-0.02
-0.02
-0.03
-0.03
-0.03
-0.03
-0.03
-0.03
-0.03
-0.03
-0.03
-0.03
-0.02
-0.02
-0.02
-0.02
-0.02
-0.01
-0.01
-0.01
-0.01
-0.01
-0.01
-0.01
-0.01
-0.01
-0.01
-0.01
-0.01
-0.01
-0.01
-0.01
-0.01
-0.01
-0.0
-0.0
0.0
0.0
0.01
0.01
0.01
0.02
0.02
0.02
0.02
0.02
0.02
0.02
0.02
0.02
0.02
0.02
0.02
0.02
0.02
0.02
0.01
0.01
0.01
0.0
-0.0
-0.01
-0.02
-0.02
-0.03
-0.03
-0.04
-0.04
-0.05
-0.05
-0.06
-0.06
-0.07
-0.07
-0.07
-0.08
-0.08
-0.08
-0.09
-0.09
-0.09
-0.09
-0.09
-0.09
-0.08
-0.08
-0.08
-0.07
-0.07
-0.06
-0.06
-0.06
-0.05
-0.05
-0.05
-0.05
-0.05
-0.05
-0.05
-0.05
-0.06
-0.05
-0.05
-0.05
-0.05
-0.04
-0.04
-0.03
-0.02
-0.01
-0.0
0.01
0.02
0.03
0.04
0.05
0.05
0.06
0.06
0.07
0.07
0.07
0.07
0.07
0.07
0.06
0.06
0.06
0.06
0.06
0.06
0.06
0.06
0.06
0.06
0.06
0.06
0.06
0.06
0.06
0.06
0.06
0.06
0.05
0.05
0.05
0.04
0.03
0.03
0.02
0.01
0.0
-0.01
-0.02
-0.02
-0.03
-0.04
-0.05
-0.05
-0.06
-0.07
-0.07
-0.08
-0.08
-0.09
-0.1
-0.1
-0.1
-0.11
-0.11
-0.11
-0.11
-0.12
-0.12
-0.12
-0.11
-0.11
-0.11
-0.1
-0.09
-0.08
-0.07
-0.05
-0.04
-0.02
0.0
0.02
0.05
0.07
0.08
0.1
0.12
0.13
0.14
0.14
0.15
0.14
0.14
0.13
0.12
0.11
0.1
0.08
0.07
0.05
0.03
0.01
-0.01
-0.03
-0.05
-0.07
-0.09
-0.11
-0.13
-0.15
-0.17
-0.18
-0.19
-0.2
-0.21
-0.22
-0.22
-0.22
-0.22
-0.21
-0.21
-0.2
-0.19
-0.17
-0.16
-0.14
-0.12
-0.11
-0.09
-0.07
-0.05
-0.03
-0.01
0.01
0.02
0.04
0.05
0.06
0.07
0.08
0.09
0.1
0.1
0.1
0.1
0.09
0.08
0.07
0.06
0.05
0.04
0.03
0.01
0.0
-0.01
-0.02
-0.03
-0.03
-0.04
-0.05
-0.05
-0.06
-0.06
-0.07
-0.07
-0.08
-0.08
-0.08
-0.08
-0.08
-0.08
-0.08
-0.08
-0.08
-0.07
-0.07
-0.06
-0.05
-0.04
-0.03
-0.02
-0.01
-0.01
0.0
0.01
0.02
0.02
0.03
0.03
0.04
0.04
0.04
0.04
0.04
0.04
0.04
0.04
0.03
0.03
0.03
0.02
0.02
0.01
0.01
0.01
0.0
0.0
-0.0
-0.0
-0.01
-0.01
-0.01
-0.01
-0.02
-0.02
-0.02
-0.03
-0.04
-0.04
-0.05
-0.06
-0.07
-0.07
-0.08
-0.09
-0.09
-0.1
-0.1
-0.1
-0.09
-0.09
-0.09
-0.08
-0.08
-0.07
-0.07
-0.06
-0.06
-0.06
-0.05
-0.05
-0.05
-0.05
-0.05
-0.05
-0.05
-0.05
-0.04
-0.04
-0.03
-0.02
-0.01
0.0
0.01
0.02
0.04
0.05
0.06
0.07
0.08
0.09
0.09
0.1
0.11
0.11
0.11
0.11
0.11
0.11
0.1
0.1
0.09
0.08
0.06
0.05
0.04
0.02
0.01
-0.01
-0.02
-0.04
-0.05
-0.06
-0.07
-0.08
-0.09
-0.09
-0.1
-0.11
-0.11
-0.11
-0.12
-0.12
-0.11
-0.11
-0.11
-0.11
-0.1
-0.1
-0.09
-0.09
-0.08
-0.07
-0.07
-0.06
-0.05
-0.04
-0.04
-0.03
-0.03
-0.02
-0.02
-0.01
-0.01
-0.01
-0.01
-0.0
