-0.05
-0.04
-0.04
-0.03
-0.03
-0.03
-0.02
-0.02
-0.02
-0.02
-0.02
-0.02
-0.02
-0.02
-0.02
-0.03
-0.03
-0.03
-0.04
-0.04
-0.04
-0.05
-0.05
-0.05
-0.05
-0.05
-0.06
-0.06
-0.06
-0.06
-0.06
-0.06
-0.07
-0.07
-0.07
-0.07
-0.08
-0.08
-0.08
-0.08
-0.08
-0.09
-0.09
-0.09
-0.09
-0.09
-0.1
-0.1
-0.1
-0.1
-0.11
-0.11
-0.11
-0.1
-0.1
-0.1
-0.09
-0.08
-0.07
-0.06
-0.05
-0.04
-0.03
-0.02
-0.01
-0.01
-0.0
0.0
0.01
0.01
0.01
0.01
0.01
0.01
0.01
0.01
0.01
0.01
0.01
0.0
-0.0
-0.01
-0.02
-0.02
-0.03
-0.04
-0.05
-0.06
-0.07
-0.08
-0.1
-0.11
-0.12
-0.13
-0.13
-0.14
-0.15
-0.15
-0.16
-0.16
-0.16
-0.16
-0.16
-0.16
-0.16
-0.16
-0.15
-0.15
-0.15
-0.15
-0.15
-0.15
-0.15
-0.15
-0.15
-0.15
-0.15
-0.15
-0.14
-0.14
-0.13
-0.13
-0.12
-0.11
-0.1
-0.09
-0.08
-0.07
-0.05
-0.04
-0.03
-0.02
-0.0
0.01
0.03
0.04
0.06
0.07
0.09
0.1
0.12
0.13
0.15
0.16
0.17
0.18
0.18
0.19
0.19
0.19
0.19
0.18
0.18
0.18
0.17
0.16
0.15
0.14
0.13
0.12
0.11
0.09
0.08
0.06
0.04
0.02
0.0
-0.02
-0.04
-0.07
-0.09
-0.11
-0.14
-0.16
-0.17
-0.19
-0.2
-0.22
-0.23
-0.23
-0.24
-0.24
-0.24
-0.24
-0.24
-0.23
-0.22
-0.21
-0.2
-0.19
-0.18
-0.17
-0.16
-0.14
-0.13
-0.12
-0.1
-0.09
-0.07
-0.06
-0.05
-0.04
-0.03
-0.02
-0.01
-0.01
-0.0
0.0
0.01
0.01
0.02
0.02
0.03
0.03
0.04
0.04
0.05
0.06
0.07
0.07
0.08
0.09
0.1
0.11
0.12
0.12
0.13
0.14
0.14
0.15
0.15
0.16
0.16
0.16
0.16
0.16
0.15
0.14
0.13
0.11
0.09
0.07
0.04
0.02
-0.02
-0.05
-0.09
-0.13
-0.17
-0.22
-0.27
-0.32
-0.37
-0.43
-0.49
-0.55
-0.61
-0.67
-0.72
-0.78
-0.83
-0.87
-0.9
-0.92
-0.93
-0.93
-0.91
-0.89
-0.85
-0.8
-0.75
-0.69
-0.63
-0.57
-0.51
-0.45
-0.4
-0.35
-0.3
-0.27
-0.23
-0.21
-0.18
-0.16
-0.14
-0.12
-0.1
-0.08
-0.05
-0.02
0.01
0.05
0.09
0.13
0.17
0.22
0.27
0.32
0.38
0.43
0.48
0.54
0.59
0.64
0.69
0.73
0.77
0.81
0.85
0.88
0.91
0.94
0.97
0.99
1.02
1.04
1.06
1.07
1.08
1.08
1.07
1.06
1.04
1.01
0.97
0.93
0.88
0.84
0.79
0.73
0.68
0.62
0.57
0.5
0.44
0.36
0.28
0.2
0.1
0.01
-0.1
-0.2
-0.3
-0.4
-0.5
-0.59
-0.68
-0.75
-0.82
-0.88
-0.93
-0.97
-1.0
-1.03
-1.05
-1.06
-1.07
-1.09
-1.09
-1.1
-1.11
-1.12
-1.12
-1.12
-1.12
-1.11
-1.09
-1.07
-1.04
-1.0
-0.95
-0.89
-0.83
-0.75
-0.67
-0.58
-0.49
-0.39
-0.29
-0.19
-0.08
0.02
0.12
0.21
0.3
0.38
0.46
0.53
0.59
0.65
0.7
0.75
0.8
0.84
0.88
0.9
0.92
0.94
0.94
0.94
0.93
0.92
0.91
0.89
0.87
0.86
0.84
0.82
0.8
0.77
0.73
0.69
0.64
0.58
0.51
0.44
0.36
0.27
0.18
0.08
-0.02
-0.11
-0.21
-0.3
-0.39
-0.47
-0.56
-0.63
-0.71
-0.78
-0.85
-0.91
-0.97
-1.02
-1.06
-1.1
-1.12
-1.14
-1.15
-1.15
-1.15
-1.13
-1.12
-1.09
-1.06
-1.03
-0.99
-0.94
-0.89
-0.84
-0.77
-0.71
-0.64
-0.57
-0.5
-0.43
-0.36
-0.29
-0.22
-0.14
-0.07
0.01
0.1
0.19
0.28
0.37
0.47
0.55
0.64
0.72
0.79
0.86
0.93
0.99
1.05
1.1
1.15
1.19
1.22
1.24
1.25
1.25
1.23
1.19
1.15
1.08
1.01
0.92
0.82
0.71
0.6
0.48
0.35
0.23
0.1
-0.03
-0.16
-0.29
-0.41
-0.53
-0.64
-0.75
-0.85
-0.93
-1.01
-1.07
-1.13
-1.17
-1.19
-1.21
-1.22
-1.21
-1.2
-1.18
-1.15
-1.11
-1.08
-1.03
-0.98
-0.92
-0.86
-0.79
-0.72
-0.64
-0.55
-0.46
-0.36
-0.25
-0.13
-0.01
0.12
0.26
0.4
0.54
0.68
0.81
0.94
1.06
1.18
1.28
1.38
1.46
1.54
1.6
1.64
1.67
1.68
1.67
1.64
1.58
1.5
1.39
1.26
1.1
0.92
0.73
0.53
0.32
0.1
-0.11
-0.33
-0.53
-0.72
-0.91
-1.07
-1.22
-1.36
-1.48
-1.58
-1.67
-1.74
-1.8
-1.85
-1.88
-1.9
-1.9
-1.9
-1.88
-1.84
-1.8
-1.74
-1.67
-1.59
-1.5
-1.4
-1.29
-1.17
-1.05
-0.93
-0.81
-0.68
-0.56
-0.44
-0.32
-0.2
-0.09
0.01
0.12
0.22
0.32
0.42
0.52
0.61
0.7
0.78
0.86
0.93
0.99
1.05
1.1
1.16
1.21
1.27
1.32
1.37
1.42
1.47
1.51
1.53
1.54
1.54
1.52
1.48
1.42
1.34
1.23
1.11
0.98
0.82
0.66
0.5
0.32
0.15
-0.01
-0.17
-0.33
-0.47
-0.6
-0.73
-0.84
-0.94
-1.03
-1.11
-1.18
-1.24
-1.28
-1.32
-1.35
-1.37
-1.38
-1.38
-1.37
-1.35
-1.32
-1.29
-1.24
-1.19
-1.14
-1.07
-1.0
-0.92
-0.84
-0.75
-0.65
-0.55
-0.44
-0.33
-0.22
-0.1
0.02
0.15
0.27
0.4
0.52
0.64
0.75
0.86
0.95
1.04
1.11
1.17
1.23
1.27
1.3
1.32
1.33
1.32
1.3
1.27
1.22
1.15
1.06
0.97
0.86
0.73
0.6
0.47
0.33
0.19
0.06
-0.07
-0.2
-0.32
-0.43
-0.53
-0.63
-0.72
-0.81
-0.89
-0.96
-1.03
-1.1
-1.15
-1.2
-1.24
-1.28
-1.3
-1.31
-1.32
-1.31
-1.3
-1.27
-1.24
-1.2
-1.15
-1.1
-1.05
-0.99
-0.93
-0.87
-0.81
-0.75
-0.69
-0.64
-0.58
-0.52
-0.45
-0.38
-0.31
-0.23
-0.15
-0.06
0.03
0.12
0.21
0.29
0.36
0.43
0.5
0.56
0.63
0.7
0.78
0.86
0.94
1.03
1.12
1.19
1.26
1.31
1.35
1.37
1.37
1.35
1.32
1.26
1.19
1.11
1.0
0.89
0.78
0.66
0.53
0.41
0.29
0.18
0.07
-0.05
-0.15
-0.26
-0.37
-0.47
-0.58
-0.68
-0.79
-0.89
-0.99
-1.08
-1.17
-1.25
-1.32
-1.38
-1.43
-1.47
-1.5
-1.52
-1.52
-1.5
-1.48
-1.44
-1.39
-1.32
-1.24
-1.15
-1.05
-0.94
-0.82
-0.69
-0.56
-0.42
-0.29
-0.15
-0.02
0.11
0.23
0.33
0.43
0.51
0.58
0.64
0.69
0.74
0.78
0.82
0.87
0.92
0.97
1.01
1.06
1.09
1.11
1.12
1.11
1.08
1.03
0.96
0.88
0.79
0.68
0.57
0.46
0.35
0.24
0.13
0.04
-0.06
-0.14
-0.21
-0.28
-0.35
-0.41
-0.47
-0.52
-0.58
-0.64
-0.7
-0.76
-0.82
-0.88
-0.93
-0.98
-1.03
-1.07
-1.1
-1.12
-1.13
-1.13
-1.12
-1.09
-1.06
-1.02
-0.97
-0.91
-0.84
-0.77
-0.69
-0.61
-0.52
-0.42
-0.33
-0.23
-0.12
-0.01
0.09
0.2
0.31
0.41
0.5
0.6
0.69
0.77
0.86
0.95
1.04
1.13
1.21
1.29
1.36
1.42
1.46
1.49
1.51
1.5
1.48
1.43
1.37
1.29
1.2
1.09
0.96
0.83
0.68
0.53
0.36
0.2
0.02
-0.15
-0.32
-0.49
-0.66
-0.82
-0.97
-1.11
-1.24
-1.35
-1.45
-1.53
-1.59
-1.65
-1.68
-1.7
-1.71
-1.7
-1.69
-1.65
-1.61
-1.55
-1.48
-1.4
-1.31
-1.2
-1.08
-0.96
-0.82
-0.69
-0.55
-0.41
-0.27
-0.13
0.0
0.13
0.26
0.39
0.51
0.62
0.73
0.83
0.92
1.0
1.07
1.14
1.19
1.24
1.28
1.32
1.35
1.37
1.38
1.38
1.36
1.33
1.28
1.21
1.11
1.0
0.88
0.73
0.58
0.41
0.23
0.06
-0.12
-0.29
-0.45
-0.61
-0.75
-0.88
-1.0
-1.1
-1.2
-1.28
-1.35
-1.41
-1.46
-1.5
-1.54
-1.56
-1.58
-1.59
-1.59
-1.58
-1.57
-1.54
-1.5
-1.45
-1.4
-1.33
-1.25
-1.16
-1.06
-0.95
-0.83
-0.7
-0.57
-0.44
-0.31
-0.17
-0.04
0.09
0.22
0.34
0.45
0.56
0.66
0.74
0.82
0.88
0.95
1.01
1.08
1.15
1.23
1.31
1.4
1.49
1.57
1.64
1.7
1.75
1.77
1.76
1.74
1.68
1.59
1.49
1.35
1.2
1.03
0.85
0.65
0.46
0.26
0.06
-0.13
-0.32
-0.5
-0.67
-0.83
-0.97
-1.1
-1.22
-1.32
-1.41
-1.48
-1.54
-1.58
-1.61
-1.63
-1.63
-1.63
-1.61
-1.59
-1.56
-1.51
-1.46
-1.4
-1.33
-1.26
-1.17
-1.07
-0.97
-0.87
-0.75
-0.64
-0.52
-0.39
-0.27
-0.15
-0.03
0.08
0.19
0.29
0.39
0.47
0.55
0.62
0.69
0.76
0.82
0.89
0.96
1.04
1.12
1.21
1.28
1.35
1.41
1.45
1.46
1.46
1.42
1.36
1.28
1.18
1.05
0.92
0.77
0.61
0.45
0.29
0.13
-0.03
-0.17
-0.32
-0.45
-0.58
-0.71
-0.82
-0.93
-1.04
-1.14
-1.22
-1.31
-1.38
-1.44
-1.5
-1.54
-1.57
-1.58
-1.58
-1.56
-1.53
-1.48
-1.42
-1.35
-1.26
-1.17
-1.07
-0.97
-0.87
-0.76
-0.65
-0.54
-0.43
-0.32
-0.21
-0.09
0.03
0.14
0.26
0.37
0.49
0.6
0.71
0.82
0.94
1.06
1.18
1.3
1.42
1.52
1.61
1.69
1.74
1.77
1.77
1.75
1.71
1.64
1.55
1.44
1.31
1.18
1.03
0.88
0.72
0.56
0.41
0.25
0.1
-0.05
-0.2
-0.34
-0.48
-0.61
-0.74
-0.86
-0.98
-1.08
-1.18
-1.27
-1.35
-1.42
-1.48
-1.53
-1.56
-1.58
-1.6
-1.6
-1.58
-1.56
-1.53
-1.49
-1.44
-1.38
-1.3
-1.23
-1.14
-1.04
-0.94
-0.84
-0.72
-0.61
-0.48
-0.36
-0.23
-0.09
0.05
0.18
0.32
0.46
0.59
0.72
0.84
0.96
1.08
1.19
1.3
1.41
1.51
1.6
1.68
1.74
1.78
1.8
1.79
1.75
1.69
1.6
1.49
1.35
1.19
1.02
0.82
0.62
0.41
0.2
-0.01
-0.21
-0.41
-0.6
-0.78
-0.95
-1.11
-1.25
-1.39
-1.51
-1.61
-1.71
-1.78
-1.84
-1.88
-1.9
-1.91
-1.89
-1.87
-1.82
-1.77
-1.7
-1.62
-1.54
-1.44
-1.35
-1.25
-1.15
-1.04
-0.94
-0.83
-0.73
-0.63
-0.53
-0.43
-0.33
-0.23
-0.14
-0.04
0.05
0.14
0.23
0.31
0.4
0.48
0.56
0.64
0.72
0.79
0.85
0.91
0.97
1.02
1.06
1.11
1.15
1.2
1.26
1.33
1.4
1.49
1.58
1.67
1.75
1.81
1.85
1.86
1.83
1.77
1.67
1.54
1.37
1.18
0.97
0.74
0.5
0.27
0.04
-0.18
-0.38
-0.56
-0.72
-0.85
-0.96
-1.04
-1.11
-1.15
-1.17
-1.17
-1.17
-1.15
-1.13
-1.11
-1.08
-1.05
-1.03
-1.0
-0.98
-0.96
-0.94
-0.92
-0.9
-0.87
-0.84
-0.8
-0.75
-0.7
-0.64
-0.57
-0.5
-0.43
-0.37
-0.3
-0.24
-0.18
-0.13
-0.09
-0.05
-0.02
-0.0
0.01
0.01
0.01
0.0
-0.01
-0.02
-0.04
-0.05
-0.07
-0.08
-0.09
-0.1
-0.11
-0.12
-0.13
-0.14
-0.15
-0.16
-0.17
-0.18
-0.19
-0.2
-0.21
-0.23
-0.24
-0.25
-0.25
-0.26
-0.26
-0.25
-0.24
-0.23
-0.21
-0.18
-0.15
-0.12
-0.08
-0.05
-0.01
0.02
0.05
0.08
0.11
0.14
0.16
0.18
0.2
0.22
0.23
0.24
0.25
0.26
0.26
0.27
0.27
0.26
0.26
0.25
0.24
0.22
0.2
0.17
0.14
0.11
0.08
0.04
-0.0
-0.04
-0.08
-0.12
-0.16
-0.19
-0.22
-0.24
-0.26
-0.27
-0.28
-0.28
-0.27
-0.26
-0.25
-0.23
-0.21
-0.19
-0.16
-0.14
-0.11
-0.09
-0.06
-0.04
-0.02
0.01
0.02
0.04
0.05
0.06
0.06
0.06
0.06
0.05
0.04
0.03
0.02
0.0
-0.01
-0.03
-0.05
-0.06
-0.07
-0.08
-0.09
-0.1
-0.11
-0.11
-0.11
-0.11
-0.1
-0.1
-0.09
-0.08
-0.07
-0.07
-0.06
-0.05
-0.05
-0.05
-0.05
-0.05
-0.05
-0.06
-0.06
-0.07
-0.07
-0.08
-0.09
-0.09
-0.1
-0.1
-0.11
-0.11
-0.12
-0.12
-0.12
-0.12
-0.13
-0.13
-0.12
-0.12
-0.12
-0.12
-0.11
-0.1
-0.09
-0.09
-0.08
-0.07
-0.06
-0.05
-0.04
-0.04
-0.03
-0.03
-0.03
-0.03
-0.03
-0.04
-0.04
-0.05
-0.05
-0.06
-0.07
-0.07
-0.08
-0.08
-0.08
-0.08
-0.08
-0.08
-0.08
-0.08
-0.08
-0.08
-0.08
-0.08
-0.07
-0.07
-0.07
-0.07
-0.07
-0.07
-0.07
-0.07
-0.07
-0.07
-0.07
-0.07
-0.07
-0.07
-0.07
-0.07
-0.07
-0.07
-0.07
-0.07
-0.07
-0.07
-0.07
-0.07
-0.07
-0.07
-0.08
-0.08
-0.08
-0.08
-0.08
-0.08
-0.07
-0.07
-0.07
-0.06
-0.06
-0.06
-0.06
-0.06
-0.06
-0.06
-0.06
-0.06
-0.06
-0.06
-0.06
-0.06
-0.06
-0.06
-0.06
-0.07
-0.07
-0.07
-0.07
-0.07
-0.07
-0.07
-0.08
-0.08
-0.08
-0.08
-0.08
-0.09
-0.09
-0.09
-0.09
-0.09
-0.09
-0.08
-0.08
-0.08
-0.07
-0.07
-0.06
-0.05
-0.04
-0.03
-0.02
-0.01
0.0
0.01
0.02
0.03
0.04
0.04
0.05
0.05
0.05
0.05
0.04
0.03
0.03
0.01
0.0
-0.01
-0.02
-0.04
-0.05
-0.07
-0.08
-0.1
-0.12
-0.13
-0.14
-0.16
-0.17
-0.18
-0.18
-0.19
-0.19
-0.2
-0.2
-0.2
-0.2
-0.19
-0.19
-0.18
-0.18
-0.17
-0.16
-0.15
-0.15
-0.13
-0.12
-0.11
-0.1
-0.08
-0.07
-0.06
-0.04
-0.03
-0.02
-0.01
0.0
0.01
0.01
0.02
0.02
0.02
0.02
0.02
0.01
0.01
0.0
-0.0
-0.0
-0.01
-0.01
-0.02
-0.02
-0.03
-0.03
-0.04
-0.04
-0.04
-0.05
-0.05
-0.05
-0.06
-0.06
-0.06
-0.07
-0.07
-0.07
-0.07
-0.08
-0.08
-0.08
-0.09
-0.09
-0.1
-0.1
-0.11
-0.11
-0.11
-0.11
-0.11
-0.11
-0.11
-0.11
-0.11
-0.1
-0.1
-0.1
-0.09
-0.08
-0.08
-0.07
-0.06
-0.06
-0.05
-0.04
-0.03
-0.03
-0.02
-0.01
-0.01
-0.0
0.0
0.01
0.01
0.01
0.01
0.01
0.01
0.01
0.01
0.01
0.01
0.01
0.01
0.01
0.01
0.0
-0.0
-0.01
-0.01
-0.02
-0.03
-0.04
-0.05
-0.06
-0.07
-0.08
-0.09
-0.1
-0.1
-0.11
-0.12
-0.13
-0.13
-0.14
-0.14
-0.15
-0.15
-0.16
-0.16
-0.16
-0.16
-0.16
-0.15
-0.14
-0.13
-0.12
-0.11
-0.1
-0.09
-0.08
-0.07
-0.06
-0.06
-0.05
-0.04
-0.04
-0.04
-0.03
-0.03
-0.02
-0.02
-0.01
-0.01
-0.0
0.01
0.01
0.02
0.03
0.04
0.04
0.05
0.06
0.06
0.07
0.07
0.07
0.07
0.06
0.05
0.05
0.04
0.03
0.01
0.0
-0.01
-0.03
-0.04
-0.05
-0.07
-0.08
-0.09
-0.1
-0.11
-0.12
-0.12
-0.13
-0.13
-0.13
-0.13
-0.13
-0.13
-0.13
-0.13
-0.12
-0.12
-0.11
-0.1
-0.1
-0.09
-0.08
-0.07
-0.06
-0.05
-0.05
-0.04
-0.04
-0.03
-0.03
-0.03
-0.03
-0.03
-0.03
-0.03
-0.03
-0.04
-0.04
-0.05
-0.06
-0.06
-0.07
-0.08
-0.09
-0.09
-0.1
-0.11
-0.12
-0.12
-0.13
-0.13
-0.14
-0.14
-0.14
-0.14
-0.15
-0.15
-0.15
-0.14
-0.14
-0.13
-0.13
-0.12
-0.11
-0.1
-0.08
-0.07
-0.06
-0.04
-0.03
-0.02
-0.01
0.0
0.01
0.02
0.02
0.03
0.03
0.03
0.03
0.03
0.03
0.02
0.02
0.01
0.0
-0.01
-0.02
-0.03
-0.04
-0.05
-0.07
-0.08
-0.09
-0.1
-0.12
-0.13
-0.14
-0.15
-0.15
-0.16
-0.16
-0.17
-0.17
-0.17
-0.17
-0.16
-0.16
-0.15
-0.14
-0.14
-0.13
-0.12
-0.11
-0.09
-0.08
-0.07
-0.06
-0.05
-0.04
-0.02
-0.01
-0.0
0.0
0.01
0.02
0.02
0.03
0.03
0.03
0.03
0.03
0.02
0.02
0.02
0.01
0.0
-0.01
-0.01
-0.02
-0.03
-0.04
-0.05
-0.06
-0.07
-0.07
-0.08
-0.09
-0.09
-0.1
-0.1
-0.11
