-0.01
-0.02
-0.02
-0.03
-0.04
-0.04
-0.05
-0.05
-0.05
-0.06
-0.06
-0.07
-0.07
-0.08
-0.08
-0.09
-0.09
-0.1
-0.1
-0.11
-0.11
-0.12
-0.13
-0.13
-0.14
-0.14
-0.14
-0.14
-0.14
-0.15
-0.15
-0.15
-0.15
-0.15
-0.15
-0.15
-0.15
-0.15
-0.14
-0.14
-0.14
-0.14
-0.13
-0.13
-0.12
-0.11
-0.11
-0.1
-0.09
-0.08
-0.07
-0.06
-0.05
-0.04
-0.03
-0.01
-0.0
0.01
0.02
0.04
0.05
0.06
0.07
0.08
0.09
0.09
0.1
0.1
0.11
0.11
0.1
0.1
0.1
0.09
0.08
0.07
0.06
0.05
0.03
0.02
0.0
-0.01
-0.03
-0.05
-0.06
-0.08
-0.1
-0.11
-0.13
-0.14
-0.16
-0.17
-0.18
-0.19
-0.2
-0.21
-0.21
-0.21
-0.21
-0.21
-0.21
-0.2
-0.19
-0.18
-0.17
-0.16
-0.15
-0.13
-0.11
-0.1
-0.08
-0.06
-0.05
-0.03
-0.01
-0.0
0.01
0.02
0.03
0.03
0.04
0.03
0.03
0.03
0.02
0.01
0.0
-0.01
-0.02
-0.03
-0.04
-0.05
-0.06
-0.07
-0.08
-0.08
-0.09
-0.09
-0.09
-0.1
-0.1
-0.1
-0.09
-0.09
-0.09
-0.08
-0.07
-0.06
-0.05
-0.04
-0.03
-0.02
-0.01
0.01
0.02
0.03
0.05
0.06
0.07
0.08
0.09
0.09
0.1
0.1
0.1
0.1
0.1
0.09
0.08
0.07
0.06
0.05
0.03
0.02
0.0
-0.01
-0.03
-0.04
-0.05
-0.07
-0.08
-0.09
-0.1
-0.1
-0.11
-0.11
-0.11
-0.12
-0.12
-0.12
-0.11
-0.11
-0.11
-0.1
-0.1
-0.09
-0.08
-0.07
-0.07
-0.05
-0.04
-0.03
-0.02
-0.01
0.01
0.02
0.03
0.04
0.05
0.05
0.05
0.05
0.04
0.04
0.02
0.01
-0.01
-0.02
-0.05
-0.07
-0.09
-0.12
-0.14
-0.16
-0.19
-0.21
-0.23
-0.24
-0.26
-0.27
-0.27
-0.28
-0.28
-0.27
-0.27
-0.26
-0.25
-0.23
-0.22
-0.2
-0.18
-0.17
-0.15
-0.13
-0.11
-0.1
-0.09
-0.08
-0.07
-0.07
-0.08
-0.09
-0.11
-0.13
-0.15
-0.18
-0.2
-0.23
-0.25
-0.28
-0.3
-0.31
-0.33
-0.34
-0.34
-0.35
-0.35
-0.35
-0.36
-0.36
-0.37
-0.37
-0.38
-0.39
-0.4
-0.41
-0.42
-0.42
-0.43
-0.43
-0.42
-0.42
-0.41
-0.39
-0.37
-0.35
-0.32
-0.29
-0.26
-0.22
-0.18
-0.14
-0.1
-0.06
-0.02
0.03
0.08
0.12
0.17
0.21
0.25
0.29
0.32
0.35
0.38
0.41
0.44
0.46
0.48
0.5
0.52
0.54
0.56
0.58
0.6
0.62
0.64
0.66
0.68
0.69
0.7
0.71
0.72
0.73
0.73
0.74
0.75
0.77
0.8
0.83
0.88
0.93
0.99
1.05
1.1
1.14
1.16
1.17
1.16
1.12
1.07
0.99
0.9
0.8
0.69
0.57
0.45
0.32
0.2
0.08
-0.03
-0.14
-0.24
-0.34
-0.44
-0.52
-0.61
-0.69
-0.77
-0.84
-0.91
-0.98
-1.04
-1.1
-1.15
-1.19
-1.22
-1.24
-1.24
-1.24
-1.22
-1.2
-1.16
-1.11
-1.06
-0.99
-0.92
-0.85
-0.77
-0.68
-0.6
-0.51
-0.42
-0.33
-0.24
-0.16
-0.07
0.02
0.12
0.21
0.3
0.39
0.48
0.57
0.66
0.74
0.82
0.88
0.94
0.99
1.03
1.07
1.1
1.12
1.14
1.16
1.17
1.17
1.16
1.13
1.09
1.03
0.96
0.87
0.76
0.64
0.51
0.37
0.22
0.08
-0.06
-0.2
-0.34
-0.47
-0.59
-0.7
-0.81
-0.91
-1.0
-1.08
-1.15
-1.21
-1.27
-1.32
-1.36
-1.39
-1.42
-1.44
-1.44
-1.45
-1.44
-1.43
-1.41
-1.38
-1.34
-1.3
-1.25
-1.2
-1.13
-1.06
-0.99
-0.9
-0.82
-0.72
-0.63
-0.53
-0.43
-0.32
-0.21
-0.1
0.01
0.13
0.24
0.36
0.47
0.58
0.68
0.78
0.86
0.94
1.02
1.09
1.17
1.25
1.33
1.41
1.48
1.55
1.62
1.67
1.7
1.71
1.7
1.67
1.62
1.54
1.45
1.34
1.22
1.08
0.94
0.79
0.64
0.49
0.34
0.19
0.05
-0.09
-0.23
-0.35
-0.48
-0.59
-0.7
-0.8
-0.89
-0.98
-1.07
-1.14
-1.22
-1.28
-1.34
-1.4
-1.44
-1.48
-1.51
-1.54
-1.55
-1.55
-1.55
-1.53
-1.5
-1.46
-1.4
-1.33
-1.24
-1.14
-1.03
-0.9
-0.76
-0.61
-0.45
-0.29
-0.13
0.04
0.21
0.38
0.55
0.71
0.86
1.0
1.14
1.26
1.37
1.46
1.54
1.61
1.66
1.7
1.72
1.72
1.71
1.67
1.62
1.54
1.44
1.32
1.18
1.03
0.86
0.68
0.5
0.31
0.13
-0.06
-0.23
-0.4
-0.56
-0.71
-0.85
-0.97
-1.09
-1.19
-1.29
-1.37
-1.44
-1.5
-1.55
-1.58
-1.61
-1.62
-1.61
-1.59
-1.57
-1.53
-1.48
-1.42
-1.35
-1.28
-1.19
-1.11
-1.02
-0.93
-0.84
-0.75
-0.66
-0.57
-0.48
-0.39
-0.31
-0.23
-0.15
-0.07
0.01
0.09
0.16
0.23
0.3
0.36
0.42
0.48
0.54
0.59
0.65
0.7
0.77
0.83
0.91
0.98
1.06
1.14
1.21
1.27
1.33
1.36
1.39
1.39
1.37
1.33
1.27
1.19
1.09
0.97
0.85
0.71
0.57
0.43
0.29
0.15
0.01
-0.11
-0.23
-0.34
-0.44
-0.53
-0.61
-0.67
-0.74
-0.79
-0.84
-0.88
-0.92
-0.96
-0.99
-1.02
-1.05
-1.08
-1.1
-1.11
-1.13
-1.13
-1.14
-1.13
-1.11
-1.09
-1.05
-1.01
-0.95
-0.89
-0.81
-0.73
-0.64
-0.55
-0.45
-0.34
-0.23
-0.11
0.01
0.13
0.24
0.36
0.47
0.57
0.66
0.75
0.83
0.9
0.96
1.02
1.07
1.11
1.15
1.16
1.17
1.16
1.14
1.1
1.05
0.98
0.9
0.81
0.71
0.6
0.48
0.36
0.24
0.12
-0.01
-0.13
-0.25
-0.37
-0.49
-0.6
-0.71
-0.81
-0.9
-0.99
-1.06
-1.13
-1.19
-1.25
-1.29
-1.32
-1.35
-1.37
-1.37
-1.37
-1.37
-1.35
-1.34
-1.31
-1.28
-1.24
-1.19
-1.14
-1.07
-1.0
-0.92
-0.83
-0.73
-0.62
-0.5
-0.39
-0.26
-0.13
-0.0
0.13
0.25
0.38
0.5
0.61
0.71
0.8
0.89
0.97
1.05
1.14
1.22
1.3
1.38
1.46
1.52
1.57
1.61
1.63
1.62
1.6
1.56
1.5
1.42
1.32
1.21
1.09
0.96
0.82
0.68
0.54
0.39
0.25
0.11
-0.02
-0.16
-0.28
-0.41
-0.52
-0.63
-0.74
-0.83
-0.92
-1.0
-1.07
-1.13
-1.19
-1.24
-1.27
-1.3
-1.32
-1.33
-1.34
-1.33
-1.32
-1.3
-1.27
-1.23
-1.19
-1.13
-1.08
-1.01
-0.94
-0.86
-0.77
-0.68
-0.58
-0.47
-0.35
-0.23
-0.1
0.04
0.17
0.31
0.44
0.57
0.68
0.79
0.89
0.99
1.09
1.18
1.27
1.36
1.45
1.54
1.61
1.67
1.72
1.74
1.73
1.71
1.65
1.58
1.48
1.37
1.24
1.1
0.95
0.8
0.65
0.49
0.34
0.2
0.05
-0.08
-0.21
-0.34
-0.45
-0.57
-0.68
-0.79
-0.89
-0.99
-1.08
-1.17
-1.25
-1.33
-1.4
-1.46
-1.5
-1.54
-1.57
-1.58
-1.57
-1.55
-1.52
-1.48
-1.42
-1.35
-1.27
-1.17
-1.07
-0.96
-0.85
-0.72
-0.59
-0.46
-0.32
-0.18
-0.05
0.09
0.21
0.33
0.44
0.55
0.65
0.74
0.83
0.92
1.01
1.09
1.16
1.22
1.27
1.31
1.33
1.34
1.32
1.29
1.24
1.17
1.09
1.0
0.89
0.78
0.66
0.54
0.41
0.29
0.16
0.04
-0.08
-0.2
-0.31
-0.43
-0.53
-0.64
-0.73
-0.82
-0.91
-0.98
-1.05
-1.11
-1.16
-1.2
-1.23
-1.26
-1.28
-1.28
-1.29
-1.28
-1.27
-1.25
-1.22
-1.19
-1.15
-1.11
-1.06
-1.0
-0.93
-0.86
-0.78
-0.69
-0.59
-0.49
-0.38
-0.26
-0.14
-0.01
0.11
0.24
0.37
0.51
0.64
0.78
0.92
1.06
1.21
1.35
1.49
1.62
1.74
1.84
1.92
1.97
1.99
1.99
1.95
1.88
1.79
1.66
1.52
1.36
1.18
0.99
0.8
0.6
0.41
0.21
0.03
-0.16
-0.33
-0.5
-0.65
-0.8
-0.93
-1.06
-1.17
-1.27
-1.36
-1.44
-1.51
-1.57
-1.62
-1.65
-1.67
-1.68
-1.68
-1.67
-1.65
-1.61
-1.57
-1.51
-1.45
-1.38
-1.31
-1.23
-1.14
-1.05
-0.96
-0.86
-0.75
-0.63
-0.51
-0.38
-0.24
-0.1
0.05
0.19
0.32
0.45
0.57
0.68
0.79
0.89
0.99
1.09
1.17
1.25
1.32
1.37
1.41
1.44
1.44
1.43
1.4
1.35
1.28
1.19
1.09
0.98
0.87
0.74
0.61
0.49
0.36
0.25
0.14
0.03
-0.06
-0.15
-0.23
-0.3
-0.36
-0.42
-0.47
-0.52
-0.56
-0.6
-0.64
-0.68
-0.71
-0.74
-0.77
-0.79
-0.81
-0.83
-0.85
-0.87
-0.88
-0.89
-0.89
-0.89
-0.88
-0.87
-0.85
-0.82
-0.78
-0.74
-0.69
-0.62
-0.55
-0.48
-0.39
-0.3
-0.2
-0.11
-0.01
0.09
0.18
0.28
0.37
0.46
0.56
0.65
0.75
0.85
0.94
1.02
1.1
1.16
1.21
1.23
1.24
1.23
1.2
1.16
1.09
1.02
0.93
0.83
0.73
0.62
0.51
0.4
0.29
0.18
0.07
-0.04
-0.15
-0.25
-0.36
-0.46
-0.56
-0.66
-0.75
-0.84
-0.93
-1.01
-1.08
-1.14
-1.2
-1.25
-1.29
-1.32
-1.33
-1.34
-1.32
-1.3
-1.26
-1.21
-1.15
-1.07
-0.99
-0.9
-0.81
-0.7
-0.6
-0.49
-0.37
-0.26
-0.13
-0.01
0.11
0.23
0.34
0.46
0.57
0.68
0.79
0.89
1.0
1.1
1.2
1.29
1.37
1.44
1.49
1.53
1.55
1.55
1.54
1.5
1.45
1.38
1.29
1.2
1.09
0.98
0.86
0.74
0.62
0.5
0.37
0.25
0.13
0.01
-0.11
-0.23
-0.35
-0.46
-0.57
-0.68
-0.78
-0.88
-0.97
-1.06
-1.14
-1.22
-1.28
-1.34
-1.39
-1.43
-1.45
-1.47
-1.48
-1.48
-1.46
-1.43
-1.39
-1.34
-1.27
-1.2
-1.11
-1.01
-0.91
-0.8
-0.68
-0.55
-0.42
-0.28
-0.14
-0.0
0.14
0.29
0.43
0.56
0.69
0.81
0.93
1.04
1.14
1.24
1.33
1.41
1.49
1.56
1.61
1.65
1.66
1.65
1.62
1.57
1.5
1.4
1.29
1.16
1.02
0.88
0.73
0.57
0.42
0.28
0.14
0.0
-0.13
-0.25
-0.37
-0.49
-0.6
-0.7
-0.8
-0.89
-0.98
-1.07
-1.14
-1.21
-1.28
-1.33
-1.38
-1.43
-1.46
-1.49
-1.51
-1.52
-1.52
-1.52
-1.5
-1.47
-1.43
-1.38
-1.32
-1.26
-1.19
-1.11
-1.02
-0.93
-0.84
-0.74
-0.64
-0.54
-0.43
-0.31
-0.19
-0.07
0.06
0.19
0.32
0.44
0.57
0.68
0.79
0.88
0.97
1.04
1.11
1.18
1.24
1.31
1.37
1.44
1.5
1.55
1.59
1.61
1.6
1.57
1.51
1.42
1.31
1.17
1.01
0.84
0.66
0.48
0.3
0.13
-0.04
-0.19
-0.33
-0.45
-0.55
-0.65
-0.72
-0.78
-0.83
-0.87
-0.9
-0.92
-0.93
-0.93
-0.92
-0.91
-0.88
-0.85
-0.81
-0.76
-0.7
-0.64
-0.57
-0.51
-0.44
-0.37
-0.31
-0.25
-0.2
-0.16
-0.12
-0.09
-0.07
-0.05
-0.04
-0.04
-0.05
-0.06
-0.07
-0.1
-0.12
-0.15
-0.18
-0.21
-0.24
-0.27
-0.28
-0.3
-0.3
-0.3
-0.3
-0.28
-0.26
-0.23
-0.2
-0.17
-0.14
-0.11
-0.07
-0.04
-0.02
0.01
0.03
0.04
0.05
0.06
0.06
0.06
0.06
0.06
0.05
0.05
0.05
0.04
0.04
0.04
0.04
0.04
0.04
0.04
0.04
0.04
0.04
0.03
0.03
0.02
0.01
0.0
-0.01
-0.02
-0.03
-0.05
-0.06
-0.07
-0.08
-0.09
-0.09
-0.09
-0.09
-0.09
-0.08
-0.07
-0.06
-0.05
-0.04
-0.03
-0.01
-0.0
0.01
0.01
0.02
0.02
0.03
0.03
0.03
0.03
0.02
0.02
0.02
0.01
0.01
0.01
0.0
0.0
0.0
0.0
0.0
0.0
0.0
0.0
0.0
0.0
-0.0
-0.0
-0.01
-0.01
-0.02
-0.02
-0.03
-0.03
-0.04
-0.04
-0.04
-0.04
-0.04
-0.04
-0.03
-0.03
-0.03
-0.03
-0.03
-0.02
-0.02
-0.02
-0.02
-0.02
-0.02
-0.02
-0.02
-0.03
-0.03
-0.03
-0.04
-0.04
-0.05
-0.05
-0.06
-0.06
-0.06
-0.07
-0.07
-0.07
-0.07
-0.08
-0.08
-0.08
-0.08
-0.09
-0.09
-0.09
-0.09
-0.1
-0.1
-0.1
-0.1
-0.1
-0.1
-0.1
-0.1
-0.1
-0.1
-0.1
-0.1
-0.1
-0.1
-0.1
-0.1
-0.11
-0.11
-0.11
-0.11
-0.11
-0.1
-0.1
-0.1
-0.1
-0.09
-0.08
-0.08
-0.07
-0.06
-0.06
-0.05
-0.05
-0.04
-0.04
-0.04
-0.04
-0.03
-0.03
-0.03
-0.03
-0.02
-0.02
-0.02
-0.01
-0.01
-0.01
-0.0
0.0
0.0
0.0
0.01
0.01
0.01
0.0
0.0
0.0
0.0
-0.0
-0.0
-0.0
-0.0
-0.01
-0.01
-0.01
-0.01
-0.01
-0.02
-0.02
-0.03
-0.03
-0.04
-0.04
-0.05
-0.05
-0.05
-0.06
-0.06
-0.06
-0.07
-0.07
-0.07
-0.07
-0.07
-0.07
-0.07
-0.07
-0.07
-0.06
-0.06
-0.06
-0.06
-0.06
-0.05
-0.05
-0.05
-0.04
-0.04
-0.04
-0.03
-0.03
-0.03
-0.02
-0.02
-0.02
-0.02
-0.02
-0.02
-0.03
-0.03
-0.04
-0.04
-0.04
-0.05
-0.05
-0.06
-0.06
-0.07
-0.07
-0.07
-0.07
-0.07
-0.07
-0.07
-0.07
-0.06
-0.06
-0.05
-0.04
-0.04
-0.03
-0.03
-0.03
-0.03
-0.02
-0.02
-0.02
-0.02
-0.02
-0.02
-0.01
-0.01
-0.01
-0.01
-0.01
-0.01
-0.0
-0.0
-0.0
0.0
0.0
-0.0
-0.0
-0.0
-0.01
-0.01
-0.01
-0.01
-0.02
-0.02
-0.02
-0.03
-0.03
-0.03
-0.04
-0.04
-0.04
-0.05
-0.05
-0.05
-0.05
-0.05
-0.05
-0.05
-0.05
-0.05
-0.04
-0.04
-0.04
-0.03
-0.03
-0.02
-0.02
-0.01
-0.01
-0.0
-0.0
0.0
0.01
0.01
0.01
0.01
0.02
0.02
0.02
0.02
0.02
0.01
0.01
0.01
0.01
0.0
-0.0
-0.01
-0.01
-0.02
-0.03
-0.04
-0.04
-0.05
-0.06
-0.07
-0.08
-0.09
-0.1
-0.11
-0.12
-0.13
-0.14
-0.14
-0.14
-0.15
-0.15
-0.15
-0.14
-0.14
-0.14
-0.13
-0.13
-0.12
-0.11
-0.1
-0.09
-0.08
-0.07
-0.06
-0.05
-0.04
-0.03
-0.02
-0.01
0.0
0.01
0.02
0.02
0.02
0.03
0.03
0.03
0.03
0.02
0.02
0.02
0.01
0.01
0.01
0.0
-0.0
-0.01
-0.01
-0.02
-0.02
-0.03
-0.03
-0.04
-0.04
-0.05
-0.05
-0.05
-0.06
-0.06
-0.06
-0.06
-0.06
-0.07
-0.07
-0.07
-0.07
-0.07
-0.07
-0.07
-0.07
-0.07
-0.06
-0.06
-0.05
-0.04
-0.04
-0.03
-0.02
-0.01
-0.0
0.01
0.01
0.02
0.02
0.02
0.02
0.02
0.02
0.02
0.01
0.01
0.0
-0.01
-0.01
-0.02
-0.03
-0.04
-0.05
-0.06
-0.07
-0.08
-0.09
-0.1
-0.1
-0.11
-0.12
-0.12
-0.12
-0.13
-0.13
-0.13
-0.13
-0.12
-0.12
-0.11
-0.11
-0.1
-0.09
-0.08
-0.07
-0.06
-0.05
-0.03
-0.02
-0.02
-0.01
-0.0
-0.0
-0.0
-0.0
-0.0
-0.01
-0.01
-0.02
-0.02
-0.03
-0.04
-0.05
-0.06
-0.07
-0.08
-0.09
-0.09
-0.1
-0.11
-0.12
-0.13
-0.13
-0.13
-0.14
-0.13
-0.13
-0.12
-0.11
-0.1
-0.08
-0.07
-0.05
-0.03
-0.02
-0.0
0.01
0.03
0.04
0.05
0.06
0.07
0.08
0.08
0.09
0.09
0.09
0.09
0.09
0.08
0.08
0.07
0.07
0.06
0.05
0.04
0.04
0.03
0.01
0.0
-0.01
-0.02
-0.03
-0.04
-0.05
-0.06
-0.07
-0.08
-0.09
-0.09
-0.1
-0.1
-0.1
-0.1
-0.1
-0.1
-0.09
-0.09
-0.08
-0.07
-0.06
-0.05
-0.04
-0.03
-0.02
-0.01
-0.0
0.01
0.02
0.03
0.04
0.05
0.05
0.06
0.06
0.06
0.06
0.06
0.05
0.05
0.04
0.03
0.02
0.01
-0.0
-0.01
-0.02
-0.03
-0.04
-0.05
-0.06
-0.07
-0.08
-0.09
-0.1
-0.11
-0.11
-0.12
-0.12
-0.12
-0.12
-0.12
-0.12
-0.12
-0.12
-0.11
-0.11
-0.1
-0.1
-0.09
-0.08
-0.07
-0.06
-0.05
-0.04
-0.03
-0.03
-0.02
-0.01
-0.01
0.0
0.01
0.01
0.01
0.01
0.02
0.02
0.02
0.02
