4.0
0.14
0.15
0.15
0.15
0.15
0.15
0.14
0.13
0.12
0.1
0.08
0.07
0.04
0.02
-0.0
-0.03
-0.06
-0.08
-0.11
-0.13
-0.16
-0.18
-0.2
-0.22
-0.24
-0.25
-0.26
-0.27
-0.27
-0.28
-0.28
-0.27
-0.27
-0.26
-0.25
-0.24
-0.23
-0.21
-0.2
-0.18
-0.16
-0.15
-0.13
-0.11
-0.08
-0.06
-0.04
-0.02
-0.0
0.02
0.03
0.05
0.06
0.07
0.07
0.08
0.08
0.08
0.07
0.07
0.06
0.05
0.04
0.03
0.02
0.0
-0.01
-0.02
-0.04
-0.05
-0.06
-0.08
-0.09
-0.1
-0.11
-0.12
-0.13
-0.14
-0.14
-0.15
-0.15
-0.15
-0.15
-0.15
-0.14
-0.14
-0.13
-0.12
-0.11
-0.1
-0.09
-0.08
-0.07
-0.05
-0.04
-0.03
-0.02
-0.01
0.0
0.01
0.02
0.03
0.03
0.04
0.04
0.04
0.04
0.04
0.04
0.03
0.03
0.02
0.02
0.01
0.0
-0.0
-0.01
-0.02
-0.02
-0.03
-0.04
-0.05
-0.06
-0.07
-0.07
-0.08
-0.09
-0.09
-0.09
-0.09
-0.09
-0.08
-0.08
-0.07
-0.06
-0.05
-0.04
-0.04
-0.03
-0.02
-0.01
-0.0
0.0
0.01
0.01
0.01
0.01
0.01
0.01
0.01
-0.0
-0.01
-0.02
-0.03
-0.04
-0.05
-0.06
-0.08
-0.09
-0.1
-0.11
-0.11
-0.12
-0.12
-0.13
-0.13
-0.13
-0.13
-0.13
-0.12
-0.12
-0.11
-0.1
-0.09
-0.07
-0.06
-0.05
-0.03
-0.02
-0.01
0.0
0.01
0.02
0.02
0.02
0.02
0.01
0.0
-0.01
-0.02
-0.03
-0.04
-0.05
-0.06
-0.06
-0.06
-0.06
-0.06
-0.05
-0.04
-0.03
-0.02
-0.0
0.02
0.03
0.05
0.06
0.07
0.08
0.09
0.1
0.1
0.1
0.1
0.1
0.1
0.1
0.09
0.09
0.08
0.07
0.05
0.04
0.02
-0.01
-0.03
-0.06
-0.09
-0.12
-0.15
-0.18
-0.21
-0.24
-0.26
-0.28
-0.29
-0.3
-0.3
-0.3
-0.29
-0.28
-0.27
-0.25
-0.22
-0.2
-0.17
-0.14
-0.12
-0.09
-0.07
-0.04
-0.02
-0.01
0.01
0.02
0.03
0.04
0.05
0.05
0.05
0.05
0.05
0.04
0.04
0.03
0.02
0.0
-0.01
-0.02
-0.03
-0.05
-0.06
-0.07
-0.09
-0.1
-0.11
-0.12
-0.13
-0.14
-0.15
-0.16
-0.17
-0.18
-0.19
-0.2
-0.2
-0.21
-0.21
-0.21
-0.21
-0.2
-0.2
-0.19
-0.18
-0.17
-0.16
-0.15
-0.15
-0.15
-0.16
-0.17
-0.19
-0.22
-0.25
-0.28
-0.32
-0.35
-0.39
-0.42
-0.44
-0.46
-0.47
-0.47
-0.45
-0.43
-0.39
-0.34
-0.29
-0.24
-0.18
-0.13
-0.08
-0.03
0.0
0.03
0.04
0.05
0.05
0.05
0.04
0.02
0.0
-0.01
-0.03
-0.04
-0.04
-0.04
-0.04
-0.02
-0.0
0.02
0.05
0.08
0.11
0.14
0.17
0.19
0.2
0.21
0.21
0.2
0.19
0.18
0.16
0.13
0.11
0.1
0.08
0.07
0.07
0.07
0.08
0.1
0.12
0.15
0.19
0.23
0.28
0.33
0.38
0.44
0.49
0.54
0.59
0.64
0.69
0.73
0.77
0.81
0.84
0.87
0.89
0.91
0.92
0.94
0.95
0.96
0.98
0.98
0.99
0.98
0.96
0.93
0.88
0.82
0.73
0.62
0.49
0.35
0.19
0.02
-0.16
-0.34
-0.53
-0.7
-0.87
-1.03
-1.18
-1.32
-1.43
-1.53
-1.62
-1.68
-1.73
-1.77
-1.78
-1.79
-1.78
-1.76
-1.73
-1.69
-1.65
-1.59
-1.53
-1.46
-1.38
-1.3
-1.2
-1.1
-0.99
-0.87
-0.75
-0.63
-0.5
-0.37
-0.24
-0.12
0.01
0.13
0.24
0.35
0.45
0.55
0.64
0.72
0.8
0.87
0.93
0.99
1.04
1.09
1.13
1.17
1.2
1.23
1.25
1.27
1.27
1.27
1.26
1.24
1.22
1.18
1.14
1.1
1.05
0.99
0.94
0.87
0.81
0.74
0.66
0.58
0.48
0.38
0.26
0.14
0.01
-0.13
-0.27
-0.41
-0.55
-0.68
-0.8
-0.9
-1.0
-1.07
-1.13
-1.18
-1.21
-1.23
-1.24
-1.24
-1.24
-1.22
-1.2
-1.18
-1.15
-1.12
-1.09
-1.06
-1.02
-0.98
-0.94
-0.89
-0.85
-0.8
-0.75
-0.7
-0.64
-0.59
-0.53
-0.48
-0.42
-0.36
-0.29
-0.23
-0.16
-0.08
-0.0
0.08
0.17
0.27
0.37
0.47
0.57
0.66
0.76
0.84
0.92
0.99
1.07
1.14
1.21
1.28
1.36
1.43
1.5
1.57
1.62
1.65
1.65
1.63
1.58
1.5
1.39
1.25
1.09
0.91
0.71
0.51
0.3
0.1
-0.1
-0.29
-0.47
-0.63
-0.78
-0.92
-1.05
-1.16
-1.25
-1.33
-1.39
-1.43
-1.46
-1.48
-1.47
-1.45
-1.42
-1.37
-1.32
-1.25
-1.18
-1.1
-1.02
-0.94
-0.86
-0.79
-0.71
-0.64
-0.57
-0.5
-0.43
-0.37
-0.3
-0.23
-0.16
-0.09
-0.02
0.06
0.14
0.22
0.3
0.37
0.45
0.51
0.57
0.62
0.65
0.68
0.7
0.71
0.72
0.73
0.74
0.76
0.77
0.79
0.81
0.83
0.83
0.83
0.81
0.78
0.73
0.67
0.59
0.5
0.39
0.28
0.17
0.06
-0.06
-0.17
-0.27
-0.37
-0.46
-0.54
-0.62
-0.68
-0.74
-0.79
-0.84
-0.88
-0.91
-0.94
-0.96
-0.98
-1.0
-1.01
-1.02
-1.03
-1.03
-1.02
-1.01
-1.0
-0.98
-0.95
-0.92
-0.87
-0.82
-0.77
-0.7
-0.63
-0.56
-0.48
-0.4
-0.31
-0.22
-0.12
-0.02
0.08
0.19
0.3
0.41
0.53
0.65
0.77
0.88
0.99
1.1
1.21
1.31
1.41
1.5
1.59
1.67
1.74
1.8
1.84
1.86
1.86
1.84
1.79
1.72
1.61
1.49
1.33
1.16
0.97
0.76
0.55
0.33
0.11
-0.11
-0.32
-0.53
-0.71
-0.89
-1.05
-1.18
-1.3
-1.4
-1.47
-1.52
-1.55
-1.56
-1.55
-1.53
-1.49
-1.45
-1.4
-1.34
-1.28
-1.22
-1.17
-1.11
-1.05
-0.98
-0.92
-0.85
-0.78
-0.71
-0.63
-0.54
-0.45
-0.35
-0.26
-0.16
-0.06
0.05
0.15
0.25
0.35
0.44
0.53
0.62
0.7
0.77
0.84
0.9
0.95
1.0
1.04
1.08
1.12
1.14
1.16
1.18
1.18
1.16
1.14
1.1
1.04
0.97
0.88
0.77
0.65
0.53
0.39
0.25
0.1
-0.05
-0.2
-0.34
-0.48
-0.62
-0.74
-0.87
-0.98
-1.09
-1.18
-1.27
-1.34
-1.4
-1.44
-1.47
-1.49
-1.49
-1.48
-1.46
-1.43
-1.39
-1.34
-1.28
-1.21
-1.13
-1.05
-0.95
-0.86
-0.76
-0.65
-0.54
-0.44
-0.33
-0.23
-0.12
-0.02
0.08
0.18
0.28
0.38
0.48
0.58
0.68
0.77
0.85
0.93
1.01
1.08
1.16
1.23
1.3
1.38
1.45
1.52
1.58
1.63
1.67
1.68
1.68
1.66
1.62
1.56
1.48
1.38
1.27
1.15
1.02
0.88
0.73
0.58
0.43
0.27
0.12
-0.03
-0.19
-0.34
-0.49
-0.63
-0.77
-0.91
-1.03
-1.15
-1.26
-1.36
-1.45
-1.53
-1.6
-1.66
-1.7
-1.73
-1.75
-1.75
-1.74
-1.72
-1.69
-1.64
-1.59
-1.52
-1.44
-1.35
-1.25
-1.14
-1.02
-0.89
-0.76
-0.62
-0.47
-0.33
-0.17
-0.02
0.13
0.27
0.4
0.53
0.64
0.75
0.84
0.93
1.01
1.08
1.16
1.24
1.32
1.4
1.47
1.54
1.59
1.61
1.62
1.59
1.54
1.46
1.35
1.22
1.07
0.9
0.72
0.53
0.34
0.15
-0.04
-0.22
-0.39
-0.55
-0.7
-0.84
-0.97
-1.08
-1.19
-1.28
-1.36
-1.43
-1.48
-1.52
-1.54
-1.55
-1.55
-1.53
-1.5
-1.45
-1.4
-1.33
-1.26
-1.18
-1.09
-1.0
-0.91
-0.82
-0.72
-0.63
-0.54
-0.45
-0.35
-0.26
-0.16
-0.06
0.05
0.16
0.28
0.41
0.53
0.65
0.77
0.88
0.98
1.07
1.14
1.21
1.27
1.33
1.39
1.45
1.51
1.57
1.63
1.69
1.74
1.78
1.81
1.81
1.79
1.75
1.68
1.58
1.46
1.31
1.15
0.96
0.77
0.56
0.35
0.13
-0.08
-0.29
-0.49
-0.68
-0.87
-1.04
-1.19
-1.33
-1.46
-1.56
-1.65
-1.73
-1.79
-1.83
-1.86
-1.87
-1.87
-1.86
-1.83
-1.79
-1.73
-1.66
-1.58
-1.49
-1.39
-1.28
-1.16
-1.03
-0.91
-0.78
-0.65
-0.52
-0.39
-0.26
-0.13
0.0
0.13
0.27
0.4
0.52
0.64
0.76
0.86
0.95
1.03
1.1
1.16
1.21
1.25
1.28
1.3
1.32
1.32
1.31
1.29
1.26
1.2
1.13
1.04
0.94
0.81
0.68
0.53
0.37
0.21
0.05
-0.11
-0.27
-0.42
-0.56
-0.69
-0.81
-0.92
-1.01
-1.09
-1.17
-1.23
-1.27
-1.31
-1.34
-1.36
-1.38
-1.38
-1.38
-1.37
-1.35
-1.33
-1.31
-1.28
-1.24
-1.2
-1.15
-1.1
-1.05
-0.99
-0.92
-0.85
-0.78
-0.7
-0.61
-0.52
-0.43
-0.33
-0.23
-0.11
0.01
0.13
0.27
0.41
0.56
0.71
0.85
0.99
1.13
1.25
1.36
1.46
1.55
1.64
1.72
1.79
1.85
1.91
1.96
2.0
2.03
2.05
2.04
2.02
1.97
1.89
1.79
1.66
1.51
1.33
1.14
0.92
0.7
0.46
0.22
-0.02
-0.26
-0.5
-0.72
-0.94
-1.14
-1.32
-1.48
-1.62
-1.74
-1.83
-1.9
-1.95
-1.98
-1.98
-1.97
-1.94
-1.9
-1.84
-1.78
-1.7
-1.61
-1.51
-1.41
-1.3
-1.19
-1.07
-0.95
-0.83
-0.71
-0.59
-0.47
-0.35
-0.23
-0.12
-0.01
0.1
0.21
0.31
0.4
0.49
0.57
0.64
0.7
0.75
0.8
0.84
0.89
0.93
0.99
1.04
1.1
1.16
1.22
1.26
1.29
1.31
1.3
1.28
1.23
1.17
1.08
0.98
0.86
0.74
0.6
0.46
0.31
0.16
0.01
-0.14
-0.29
-0.43
-0.57
-0.7
-0.82
-0.94
-1.04
-1.14
-1.23
-1.3
-1.37
-1.42
-1.46
-1.49
-1.51
-1.52
-1.52
-1.5
-1.47
-1.43
-1.38
-1.32
-1.24
-1.16
-1.06
-0.97
-0.86
-0.75
-0.64
-0.53
-0.41
-0.29
-0.17
-0.06
0.06
0.18
0.3
0.4
0.51
0.6
0.69
0.78
0.86
0.93
1.01
1.1
1.19
1.28
1.37
1.47
1.56
1.64
1.71
1.76
1.78
1.78
1.74
1.68
1.59
1.47
1.33
1.17
1.0
0.81
0.61
0.41
0.21
0.01
-0.19
-0.39
-0.58
-0.76
-0.93
-1.09
-1.23
-1.36
-1.48
-1.57
-1.65
-1.71
-1.75
-1.77
-1.77
-1.77
-1.74
-1.71
-1.66
-1.6
-1.52
-1.44
-1.36
-1.26
-1.16
-1.05
-0.94
-0.82
-0.71
-0.59
-0.47
-0.36
-0.24
-0.12
-0.0
0.12
0.24
0.36
0.49
0.61
0.74
0.85
0.96
1.06
1.15
1.23
1.29
1.35
1.39
1.43
1.46
1.49
1.52
1.54
1.56
1.56
1.55
1.53
1.48
1.42
1.33
1.23
1.11
0.97
0.82
0.66
0.49
0.32
0.15
-0.02
-0.2
-0.36
-0.53
-0.68
-0.83
-0.98
-1.11
-1.23
-1.34
-1.44
-1.52
-1.59
-1.64
-1.68
-1.69
-1.69
-1.68
-1.64
-1.59
-1.53
-1.45
-1.36
-1.25
-1.15
-1.03
-0.91
-0.79
-0.67
-0.54
-0.42
-0.31
-0.19
-0.08
0.02
0.13
0.22
0.32
0.41
0.49
0.58
0.66
0.74
0.81
0.87
0.93
0.99
1.03
1.07
1.1
1.11
1.12
1.13
1.13
1.13
1.13
1.14
1.16
1.18
1.2
1.22
1.23
1.24
1.22
1.19
1.14
1.06
0.97
0.86
0.74
0.62
0.49
0.36
0.23
0.11
0.0
-0.1
-0.2
-0.29
-0.37
-0.45
-0.53
-0.6
-0.67
-0.74
-0.79
-0.84
-0.88
-0.92
-0.94
-0.96
-0.97
-0.97
-0.96
-0.95
-0.93
-0.9
-0.87
-0.84
-0.8
-0.76
-0.72
-0.68
-0.63
-0.59
-0.54
-0.5
-0.46
-0.41
-0.37
-0.34
-0.3
-0.27
-0.25
-0.22
-0.21
-0.19
-0.17
-0.15
-0.13
-0.1
-0.07
-0.03
0.01
0.06
0.11
0.16
0.22
0.27
0.31
0.35
0.37
0.38
0.38
0.36
0.32
0.28
0.22
0.15
0.07
-0.01
-0.08
-0.16
-0.22
-0.28
-0.32
-0.36
-0.37
-0.38
-0.38
-0.36
-0.34
-0.31
-0.28
-0.25
-0.22
-0.19
-0.17
-0.15
-0.13
-0.12
-0.11
-0.1
-0.1
-0.1
-0.11
-0.11
-0.12
-0.13
-0.14
-0.15
-0.15
-0.16
-0.16
-0.17
-0.17
-0.17
-0.16
-0.16
-0.16
-0.15
-0.15
-0.14
-0.14
-0.13
-0.12
-0.11
-0.1
-0.09
-0.07
-0.06
-0.04
-0.03
-0.02
-0.0
0.01
0.03
0.04
0.06
0.07
0.09
0.11
0.13
0.15
0.17
0.18
0.2
0.22
0.24
0.25
0.26
0.26
0.27
0.26
0.26
0.25
0.23
0.21
0.19
0.17
0.15
0.13
0.11
0.09
0.07
0.06
0.04
0.03
0.02
0.01
-0.01
-0.02
-0.03
-0.04
-0.05
-0.06
-0.08
-0.09
-0.1
-0.11
-0.12
-0.12
-0.13
-0.13
-0.14
-0.14
-0.13
-0.13
-0.12
-0.12
-0.11
-0.09
-0.08
-0.07
-0.05
-0.04
-0.02
-0.01
0.01
0.02
0.04
0.05
0.06
0.07
0.08
0.09
0.1
0.11
0.11
0.12
0.12
0.13
0.13
0.14
0.14
0.15
0.15
0.15
0.15
0.15
0.15
0.14
0.14
0.13
0.12
0.1
0.09
0.07
0.05
0.04
0.02
-0.0
-0.02
-0.04
-0.05
-0.07
-0.09
-0.11
-0.12
-0.14
-0.15
-0.16
-0.17
-0.18
-0.19
-0.19
-0.2
-0.2
-0.2
-0.2
-0.19
-0.19
-0.18
-0.17
-0.16
-0.14
-0.13
-0.11
-0.09
-0.07
-0.05
-0.04
-0.02
-0.0
0.01
0.02
0.04
0.04
0.05
0.06
0.06
0.06
0.06
0.06
0.05
0.05
0.04
0.03
0.02
0.01
-0.0
-0.01
-0.03
-0.04
-0.05
-0.06
-0.08
-0.09
-0.11
-0.12
-0.13
-0.14
-0.15
-0.16
-0.16
-0.17
-0.17
-0.17
-0.16
-0.15
-0.15
-0.14
-0.13
-0.11
-0.1
-0.09
-0.08
-0.07
-0.05
-0.04
-0.03
-0.02
-0.0
0.01
0.02
0.03
0.05
0.06
0.07
0.08
0.09
0.1
0.1
0.11
0.11
0.12
0.12
0.13
0.13
0.13
0.13
0.13
0.12
0.12
0.11
0.1
0.08
0.07
0.05
0.03
0.02
-0.0
-0.02
-0.03
-0.05
-0.06
-0.08
-0.09
-0.1
-0.1
-0.11
-0.12
-0.12
-0.12
-0.12
-0.12
-0.12
-0.11
-0.11
-0.1
-0.1
-0.09
-0.09
-0.08
-0.07
-0.07
-0.06
-0.06
-0.06
-0.06
-0.05
-0.05
-0.05
-0.05
-0.05
-0.05
-0.05
-0.05
-0.04
-0.04
-0.03
-0.03
-0.02
-0.02
-0.01
-0.0
-0.0
0.0
0.01
0.01
0.01
0.01
0.01
0.01
0.0
0.0
-0.0
-0.0
-0.01
-0.01
-0.01
-0.01
-0.02
-0.02
-0.02
-0.02
-0.03
-0.03
-0.03
-0.03
-0.03
-0.03
-0.03
-0.03
-0.03
-0.03
-0.03
-0.03
-0.03
-0.04
-0.04
-0.04
-0.05
-0.05
-0.05
-0.05
-0.05
-0.05
-0.05
-0.05
-0.05
-0.04
-0.04
-0.03
-0.03
-0.02
-0.02
-0.01
-0.01
-0.01
-0.0
0.0
0.0
0.01
0.01
0.01
0.01
0.01
0.01
0.01
0.01
0.01
0.01
0.01
0.01
0.01
0.01
0.0
0.0
-0.0
-0.01
-0.01
-0.02
-0.02
-0.03
-0.03
-0.03
-0.04
-0.04
-0.04
-0.04
-0.05
-0.05
-0.05
-0.05
-0.05
-0.04
-0.04
-0.04
-0.04
-0.03
-0.03
-0.02
-0.02
-0.02
-0.01
-0.01
-0.0
0.0
0.0
0.01
0.01
0.01
0.02
0.02
0.02
0.02
0.02
0.02
0.02
0.02
0.02
0.01
0.01
0.01
0.0
-0.0
-0.01
-0.01
-0.01
-0.02
-0.02
-0.02
-0.02
-0.02
-0.02
-0.03
-0.03
-0.03
-0.03
-0.03
-0.03
-0.03
-0.03
-0.03
-0.03
-0.03
-0.03
-0.02
-0.02
-0.02
-0.01
-0.01
-0.01
-0.01
-0.01
-0.01
-0.01
-0.01
-0.01
-0.01
-0.02
-0.02
-0.03
-0.04
-0.04
-0.05
-0.05
-0.06
-0.06
-0.07
-0.07
-0.07
-0.08
-0.08
-0.08
-0.08
-0.08
-0.08
-0.08
-0.08
-0.07
-0.07
-0.07
-0.07
-0.07
-0.06
-0.06
-0.05
-0.05
-0.04
-0.03
-0.03
-0.02
-0.01
-0.01
0.0
0.01
0.02
0.02
0.03
0.03
0.04
0.04
0.05
0.05
0.05
0.06
0.06
0.06
0.06
0.06
0.06
0.05
0.05
0.05
0.05
0.04
0.04
0.04
0.03
0.02
0.02
0.01
0.0
-0.0
-0.01
-0.02
-0.03
-0.03
-0.04
-0.05
-0.05
-0.06
-0.06
-0.07
