0.01
0.01
0.01
0.01
0.01
0.01
0.01
0.01
0.0
0.0
-0.0
-0.0
-0.01
-0.01
-0.01
-0.02
-0.02
-0.02
-0.03
-0.03
-0.03
-0.03
-0.03
-0.04
-0.04
-0.04
-0.04
-0.05
-0.05
-0.05
-0.06
-0.06
-0.06
-0.06
-0.06
-0.06
-0.06
-0.06
-0.06
-0.06
-0.06
-0.06
-0.05
-0.05
-0.05
-0.05
-0.05
-0.05
-0.04
-0.04
-0.04
-0.04
-0.04
-0.04
-0.04
-0.05
-0.05
-0.06
-0.06
-0.07
-0.08
-0.09
-0.09
-0.1
-0.11
-0.11
-0.12
-0.12
-0.12
-0.12
-0.12
-0.12
-0.12
-0.12
-0.11
-0.11
-0.11
-0.1
-0.1
-0.09
-0.09
-0.08
-0.07
-0.06
-0.05
-0.03
-0.02
0.0
0.02
0.04
0.06
0.08
0.1
0.12
0.14
0.16
0.18
0.19
0.2
0.21
0.22
0.23
0.23
0.23
0.23
0.23
0.22
0.22
0.21
0.2
0.18
0.17
0.16
0.14
0.12
0.1
0.08
0.06
0.03
0.01
-0.01
-0.03
-0.05
-0.07
-0.09
-0.11
-0.13
-0.15
-0.16
-0.18
-0.19
-0.2
-0.21
-0.22
-0.22
-0.22
-0.22
-0.21
-0.21
-0.2
-0.19
-0.17
-0.16
-0.14
-0.13
-0.11
-0.09
-0.07
-0.05
-0.03
-0.02
0.0
0.02
0.03
0.04
0.06
0.07
0.08
0.09
0.1
0.1
0.11
0.12
0.12
0.12
0.12
0.12
0.12
0.12
0.11
0.11
0.1
0.09
0.08
0.08
0.07
0.05
0.04
0.03
0.02
0.01
0.0
-0.01
-0.01
-0.02
-0.02
-0.02
-0.03
-0.03
-0.03
-0.04
-0.04
-0.04
-0.05
-0.05
-0.05
-0.05
-0.06
-0.06
-0.05
-0.05
-0.05
-0.04
-0.04
-0.03
-0.03
-0.02
-0.02
-0.01
-0.01
-0.0
-0.0
-0.0
-0.0
-0.0
-0.0
-0.0
-0.01
-0.01
-0.01
-0.02
-0.02
-0.03
-0.04
-0.04
-0.05
-0.06
-0.07
-0.08
-0.09
-0.1
-0.11
-0.11
-0.12
-0.13
-0.14
-0.15
-0.16
-0.16
-0.17
-0.17
-0.17
-0.17
-0.16
-0.15
-0.14
-0.13
-0.11
-0.1
-0.09
-0.09
-0.09
-0.1
-0.12
-0.15
-0.18
-0.22
-0.26
-0.3
-0.33
-0.36
-0.38
-0.39
-0.39
-0.37
-0.35
-0.31
-0.26
-0.22
-0.17
-0.13
-0.1
-0.08
-0.07
-0.08
-0.1
-0.13
-0.18
-0.23
-0.29
-0.35
-0.41
-0.46
-0.49
-0.52
-0.52
-0.51
-0.48
-0.43
-0.37
-0.29
-0.2
-0.1
0.0
0.11
0.21
0.31
0.41
0.5
0.59
0.66
0.73
0.79
0.84
0.88
0.91
0.94
0.97
1.0
1.02
1.05
1.08
1.11
1.14
1.17
1.2
1.23
1.26
1.28
1.29
1.3
1.29
1.28
1.27
1.24
1.2
1.15
1.1
1.03
0.96
0.88
0.8
0.7
0.6
0.49
0.37
0.24
0.1
-0.06
-0.22
-0.39
-0.57
-0.74
-0.91
-1.07
-1.23
-1.37
-1.5
-1.61
-1.7
-1.77
-1.83
-1.86
-1.87
-1.87
-1.85
-1.81
-1.76
-1.7
-1.64
-1.56
-1.48
-1.4
-1.31
-1.23
-1.14
-1.05
-0.97
-0.88
-0.79
-0.7
-0.61
-0.51
-0.42
-0.32
-0.22
-0.12
-0.02
0.08
0.18
0.27
0.37
0.47
0.57
0.67
0.77
0.88
0.98
1.08
1.18
1.27
1.35
1.42
1.49
1.54
1.58
1.6
1.61
1.61
1.59
1.56
1.53
1.48
1.42
1.36
1.3
1.23
1.17
1.1
1.03
0.94
0.85
0.74
0.61
0.45
0.28
0.09
-0.11
-0.33
-0.55
-0.77
-0.99
-1.18
-1.36
-1.51
-1.64
-1.74
-1.81
-1.85
-1.87
-1.86
-1.84
-1.79
-1.73
-1.66
-1.57
-1.48
-1.38
-1.27
-1.16
-1.06
-0.95
-0.85
-0.75
-0.66
-0.57
-0.48
-0.39
-0.3
-0.21
-0.13
-0.04
0.04
0.12
0.2
0.28
0.36
0.43
0.51
0.58
0.66
0.74
0.82
0.9
0.98
1.07
1.16
1.24
1.33
1.41
1.49
1.57
1.64
1.71
1.77
1.83
1.88
1.92
1.95
1.97
1.97
1.95
1.9
1.82
1.71
1.57
1.39
1.18
0.94
0.67
0.38
0.07
-0.23
-0.54
-0.84
-1.13
-1.39
-1.63
-1.83
-2.01
-2.14
-2.24
-2.31
-2.34
-2.33
-2.29
-2.23
-2.15
-2.04
-1.92
-1.8
-1.66
-1.53
-1.4
-1.27
-1.15
-1.04
-0.94
-0.85
-0.77
-0.69
-0.62
-0.56
-0.5
-0.43
-0.37
-0.31
-0.24
-0.18
-0.11
-0.04
0.03
0.11
0.19
0.28
0.37
0.47
0.57
0.67
0.77
0.87
0.97
1.06
1.15
1.24
1.31
1.39
1.45
1.5
1.54
1.56
1.56
1.54
1.5
1.43
1.33
1.2
1.05
0.88
0.69
0.49
0.28
0.06
-0.15
-0.35
-0.55
-0.72
-0.88
-1.01
-1.12
-1.21
-1.28
-1.32
-1.35
-1.36
-1.35
-1.33
-1.31
-1.27
-1.23
-1.18
-1.13
-1.07
-1.01
-0.95
-0.89
-0.82
-0.76
-0.69
-0.63
-0.56
-0.48
-0.41
-0.34
-0.26
-0.19
-0.12
-0.04
0.03
0.11
0.18
0.25
0.32
0.38
0.45
0.51
0.57
0.63
0.68
0.74
0.79
0.85
0.91
0.98
1.06
1.14
1.22
1.3
1.39
1.47
1.54
1.59
1.63
1.65
1.64
1.61
1.54
1.45
1.33
1.18
1.01
0.82
0.61
0.39
0.17
-0.05
-0.26
-0.47
-0.66
-0.84
-1.0
-1.14
-1.25
-1.35
-1.43
-1.49
-1.53
-1.55
-1.56
-1.55
-1.53
-1.5
-1.47
-1.42
-1.37
-1.32
-1.26
-1.2
-1.13
-1.06
-0.98
-0.89
-0.8
-0.71
-0.6
-0.5
-0.38
-0.27
-0.15
-0.02
0.1
0.22
0.35
0.47
0.59
0.71
0.82
0.93
1.04
1.14
1.23
1.32
1.41
1.49
1.57
1.64
1.7
1.75
1.78
1.79
1.76
1.71
1.62
1.49
1.32
1.12
0.89
0.64
0.37
0.09
-0.19
-0.46
-0.72
-0.96
-1.18
-1.37
-1.54
-1.69
-1.81
-1.9
-1.97
-2.02
-2.05
-2.06
-2.04
-2.01
-1.96
-1.89
-1.81
-1.72
-1.61
-1.49
-1.37
-1.24
-1.1
-0.97
-0.83
-0.69
-0.56
-0.43
-0.31
-0.19
-0.07
0.04
0.15
0.26
0.36
0.46
0.55
0.65
0.73
0.81
0.89
0.96
1.03
1.09
1.15
1.21
1.26
1.32
1.39
1.45
1.52
1.59
1.67
1.73
1.79
1.84
1.86
1.86
1.84
1.78
1.69
1.57
1.42
1.24
1.03
0.8
0.56
0.3
0.04
-0.21
-0.47
-0.71
-0.93
-1.14
-1.33
-1.49
-1.63
-1.75
-1.84
-1.91
-1.96
-1.99
-2.0
-1.99
-1.97
-1.94
-1.89
-1.82
-1.75
-1.67
-1.58
-1.48
-1.38
-1.27
-1.16
-1.04
-0.93
-0.81
-0.69
-0.57
-0.46
-0.34
-0.23
-0.12
-0.0
0.11
0.21
0.32
0.42
0.52
0.62
0.72
0.81
0.89
0.98
1.06
1.14
1.22
1.31
1.4
1.5
1.59
1.68
1.76
1.82
1.85
1.86
1.83
1.76
1.66
1.51
1.33
1.13
0.9
0.65
0.41
0.16
-0.07
-0.29
-0.49
-0.66
-0.81
-0.95
-1.06
-1.15
-1.24
-1.31
-1.37
-1.42
-1.47
-1.51
-1.55
-1.58
-1.6
-1.61
-1.61
-1.6
-1.57
-1.53
-1.47
-1.39
-1.3
-1.2
-1.09
-0.96
-0.83
-0.7
-0.56
-0.42
-0.28
-0.14
-0.01
0.11
0.23
0.34
0.44
0.54
0.63
0.7
0.78
0.84
0.9
0.95
1.01
1.06
1.12
1.19
1.27
1.35
1.44
1.53
1.61
1.68
1.72
1.74
1.73
1.68
1.59
1.47
1.32
1.13
0.93
0.7
0.46
0.22
-0.02
-0.25
-0.47
-0.68
-0.87
-1.04
-1.18
-1.31
-1.42
-1.5
-1.57
-1.61
-1.64
-1.65
-1.64
-1.62
-1.59
-1.55
-1.51
-1.45
-1.39
-1.32
-1.25
-1.17
-1.09
-1.0
-0.91
-0.82
-0.72
-0.63
-0.53
-0.44
-0.34
-0.25
-0.17
-0.08
0.0
0.08
0.16
0.25
0.33
0.41
0.5
0.59
0.68
0.77
0.86
0.96
1.05
1.14
1.24
1.33
1.43
1.52
1.61
1.7
1.77
1.83
1.88
1.9
1.89
1.86
1.8
1.71
1.58
1.43
1.25
1.04
0.82
0.59
0.35
0.11
-0.12
-0.34
-0.54
-0.72
-0.89
-1.03
-1.16
-1.27
-1.37
-1.45
-1.51
-1.57
-1.61
-1.64
-1.66
-1.66
-1.66
-1.65
-1.64
-1.61
-1.58
-1.54
-1.49
-1.44
-1.38
-1.31
-1.24
-1.16
-1.08
-0.99
-0.9
-0.8
-0.7
-0.6
-0.49
-0.38
-0.27
-0.15
-0.03
0.1
0.23
0.36
0.49
0.62
0.75
0.89
1.03
1.18
1.33
1.48
1.64
1.79
1.93
2.06
2.17
2.26
2.31
2.32
2.3
2.23
2.12
1.98
1.79
1.58
1.34
1.09
0.82
0.55
0.29
0.03
-0.21
-0.44
-0.64
-0.84
-1.01
-1.16
-1.3
-1.42
-1.52
-1.6
-1.67
-1.72
-1.76
-1.78
-1.79
-1.79
-1.78
-1.76
-1.73
-1.69
-1.64
-1.59
-1.52
-1.45
-1.37
-1.28
-1.19
-1.08
-0.97
-0.86
-0.74
-0.61
-0.48
-0.36
-0.23
-0.11
0.02
0.14
0.26
0.38
0.5
0.61
0.73
0.84
0.95
1.06
1.17
1.29
1.4
1.51
1.61
1.7
1.78
1.84
1.87
1.87
1.84
1.78
1.67
1.53
1.36
1.17
0.95
0.73
0.49
0.26
0.03
-0.18
-0.38
-0.56
-0.72
-0.87
-0.99
-1.09
-1.18
-1.25
-1.3
-1.35
-1.39
-1.42
-1.44
-1.45
-1.46
-1.46
-1.46
-1.44
-1.42
-1.39
-1.35
-1.3
-1.24
-1.16
-1.07
-0.97
-0.86
-0.75
-0.63
-0.5
-0.37
-0.24
-0.11
0.02
0.14
0.27
0.38
0.5
0.61
0.71
0.81
0.9
0.99
1.08
1.17
1.26
1.35
1.45
1.55
1.66
1.77
1.88
1.99
2.07
2.14
2.19
2.2
2.17
2.11
2.01
1.87
1.69
1.49
1.25
0.99
0.72
0.44
0.16
-0.12
-0.38
-0.64
-0.87
-1.09
-1.28
-1.45
-1.6
-1.72
-1.81
-1.88
-1.93
-1.96
-1.97
-1.96
-1.94
-1.9
-1.86
-1.81
-1.75
-1.68
-1.61
-1.53
-1.45
-1.37
-1.28
-1.19
-1.1
-1.02
-0.93
-0.84
-0.75
-0.66
-0.58
-0.49
-0.41
-0.32
-0.23
-0.14
-0.04
0.06
0.16
0.26
0.37
0.48
0.6
0.71
0.83
0.93
1.04
1.14
1.23
1.32
1.4
1.48
1.56
1.64
1.72
1.78
1.83
1.87
1.88
1.87
1.83
1.75
1.64
1.51
1.34
1.14
0.93
0.71
0.48
0.25
0.02
-0.19
-0.39
-0.57
-0.73
-0.87
-0.98
-1.07
-1.14
-1.18
-1.2
-1.21
-1.2
-1.18
-1.15
-1.12
-1.09
-1.06
-1.03
-1.01
-0.99
-0.98
-0.98
-0.98
-0.99
-1.0
-1.01
-1.02
-1.03
-1.04
-1.05
-1.05
-1.05
-1.03
-1.02
-0.99
-0.95
-0.9
-0.84
-0.76
-0.68
-0.58
-0.48
-0.37
-0.25
-0.12
0.0
0.13
0.26
0.39
0.52
0.64
0.77
0.9
1.02
1.15
1.27
1.39
1.5
1.6
1.7
1.8
1.89
1.97
2.04
2.11
2.15
2.18
2.18
2.16
2.09
1.99
1.84
1.66
1.44
1.2
0.93
0.65
0.37
0.09
-0.18
-0.43
-0.65
-0.85
-1.03
-1.17
-1.29
-1.38
-1.44
-1.49
-1.52
-1.54
-1.55
-1.54
-1.53
-1.5
-1.47
-1.43
-1.38
-1.33
-1.26
-1.19
-1.11
-1.02
-0.93
-0.84
-0.75
-0.65
-0.56
-0.48
-0.4
-0.33
-0.26
-0.2
-0.15
-0.11
-0.07
-0.05
-0.02
-0.01
-0.0
-0.0
-0.0
-0.0
-0.0
0.01
0.02
0.04
0.06
0.09
0.13
0.17
0.21
0.24
0.28
0.3
0.32
0.33
0.33
0.31
0.29
0.25
0.21
0.16
0.1
0.04
-0.02
-0.08
-0.14
-0.2
-0.25
-0.3
-0.34
-0.37
-0.39
-0.4
-0.4
-0.4
-0.38
-0.36
-0.34
-0.31
-0.28
-0.25
-0.21
-0.18
-0.14
-0.11
-0.07
-0.04
-0.02
0.01
0.03
0.06
0.08
0.1
0.12
0.13
0.15
0.17
0.19
0.2
0.22
0.23
0.24
0.24
0.24
0.24
0.24
0.23
0.22
0.21
0.19
0.18
0.16
0.14
0.13
0.11
0.09
0.07
0.05
0.03
0.01
-0.0
-0.02
-0.04
-0.05
-0.07
-0.08
-0.09
-0.09
-0.1
-0.1
-0.1
-0.1
-0.09
-0.09
-0.08
-0.07
-0.07
-0.06
-0.05
-0.04
-0.03
-0.02
-0.01
0.0
0.01
0.02
0.03
0.04
0.05
0.05
0.06
0.06
0.06
0.06
0.06
0.06
0.05
0.05
0.04
0.03
0.01
0.0
-0.01
-0.02
-0.03
-0.05
-0.06
-0.07
-0.08
-0.09
-0.1
-0.1
-0.11
-0.12
-0.12
-0.12
-0.12
-0.12
-0.11
-0.11
-0.1
-0.09
-0.07
-0.06
-0.04
-0.02
-0.0
0.02
0.04
0.06
0.08
0.1
0.12
0.14
0.15
0.17
0.17
0.18
0.19
0.19
0.18
0.18
0.17
0.16
0.15
0.14
0.12
0.1
0.09
0.07
0.05
0.03
0.01
-0.01
-0.02
-0.04
-0.05
-0.07
-0.08
-0.09
-0.09
-0.1
-0.1
-0.1
-0.09
-0.09
-0.09
-0.08
-0.08
-0.07
-0.06
-0.06
-0.05
-0.04
-0.04
-0.03
-0.02
-0.01
-0.0
0.0
0.01
0.02
0.02
0.03
0.03
0.03
0.03
0.04
0.04
0.04
0.04
0.04
0.04
0.03
0.03
0.03
0.03
0.03
0.02
0.02
0.01
0.01
0.0
-0.01
-0.01
-0.02
-0.03
-0.04
-0.04
-0.05
-0.06
-0.06
-0.07
-0.07
-0.07
-0.08
-0.08
-0.07
-0.07
-0.07
-0.06
-0.06
-0.05
-0.05
-0.05
-0.04
-0.04
-0.03
-0.03
-0.02
-0.02
-0.02
-0.01
-0.01
-0.01
-0.01
-0.01
-0.01
-0.01
-0.01
-0.02
-0.02
-0.02
-0.02
-0.02
-0.02
-0.02
-0.02
-0.02
-0.02
-0.02
-0.01
-0.01
-0.01
-0.0
0.0
0.0
0.01
0.01
0.01
0.02
0.02
0.02
0.03
0.03
0.04
0.04
0.04
0.05
0.05
0.05
0.05
0.05
0.04
0.04
0.04
0.03
0.03
0.02
0.02
0.01
0.01
0.0
-0.0
-0.01
-0.02
-0.03
-0.04
-0.04
-0.05
-0.06
-0.07
-0.07
-0.08
-0.08
-0.09
-0.09
-0.09
-0.09
-0.09
-0.09
-0.08
-0.08
-0.08
-0.07
-0.07
-0.07
-0.06
-0.06
-0.05
-0.05
-0.04
-0.04
-0.03
-0.02
-0.02
-0.01
-0.0
0.01
0.01
0.02
0.02
0.03
0.03
0.04
0.04
0.04
0.04
0.05
0.05
0.05
0.06
0.06
0.06
0.07
0.07
0.07
0.07
0.07
0.06
0.06
0.05
0.05
0.04
0.03
0.02
0.02
0.01
0.0
-0.01
-0.01
-0.02
-0.03
-0.03
-0.03
-0.03
-0.04
-0.04
-0.04
-0.04
-0.03
-0.03
-0.03
-0.03
-0.03
-0.03
-0.02
-0.02
-0.02
-0.02
-0.01
-0.01
-0.01
-0.01
-0.01
-0.0
-0.0
-0.0
-0.0
-0.0
-0.0
-0.01
-0.01
-0.01
-0.01
-0.01
-0.01
-0.01
-0.02
-0.02
-0.02
-0.02
-0.02
-0.02
-0.02
-0.02
-0.02
-0.02
-0.02
-0.02
-0.02
-0.01
-0.01
-0.01
-0.01
-0.01
-0.01
-0.01
-0.01
-0.02
-0.02
-0.02
-0.02
-0.02
-0.02
-0.02
-0.02
-0.02
-0.01
-0.01
-0.01
-0.0
0.0
0.01
0.01
0.02
0.02
0.02
0.02
0.02
0.02
0.02
0.03
0.03
0.03
0.03
0.03
0.03
0.03
0.03
0.03
0.03
0.03
0.03
0.03
0.02
0.02
0.02
0.02
0.01
0.01
0.01
0.01
0.0
0.0
-0.0
-0.0
-0.01
-0.01
-0.01
-0.01
-0.01
-0.01
-0.01
-0.01
-0.01
-0.01
-0.01
-0.01
-0.01
-0.01
-0.01
-0.01
-0.0
-0.0
-0.0
0.0
0.0
0.0
0.0
0.01
0.01
0.01
0.01
0.01
0.01
0.01
0.01
0.01
0.01
0.01
0.01
0.01
0.01
0.01
0.01
0.01
0.01
0.01
0.01
0.0
0.0
-0.0
-0.0
-0.01
-0.01
-0.01
-0.02
-0.02
-0.02
-0.03
-0.03
-0.03
-0.03
-0.03
-0.03
-0.03
-0.03
-0.03
-0.03
-0.03
-0.03
-0.03
-0.02
-0.02
-0.02
-0.02
-0.01
-0.01
-0.0
0.0
0.01
0.01
0.02
0.02
0.03
0.03
0.03
0.04
0.04
0.04
0.04
0.04
0.04
0.03
0.03
0.03
0.02
0.02
0.02
0.01
0.01
0.0
-0.0
-0.01
-0.01
-0.02
-0.02
-0.02
-0.03
-0.03
-0.03
-0.03
-0.04
-0.04
-0.04
-0.04
-0.04
-0.04
-0.04
-0.04
-0.04
-0.03
-0.03
-0.03
-0.03
-0.02
-0.02
-0.02
-0.01
-0.01
-0.0
0.0
0.0
0.01
0.01
0.01
0.02
0.02
0.02
0.01
0.01
0.01
0.0
0.0
-0.0
-0.0
-0.01
-0.01
