-0.03
-0.04
-0.04
-0.05
-0.05
-0.05
-0.06
-0.06
-0.06
-0.06
-0.05
-0.05
-0.04
-0.03
-0.02
-0.01
-0.0
0.01
0.02
0.03
0.04
0.04
0.05
0.05
0.05
0.05
0.05
0.04
0.04
0.03
0.02
0.01
-0.01
-0.02
-0.03
-0.05
-0.06
-0.08
-0.09
-0.11
-0.12
-0.13
-0.14
-0.15
-0.16
-0.17
-0.17
-0.18
-0.18
-0.17
-0.17
-0.16
-0.15
-0.15
-0.13
-0.12
-0.11
-0.1
-0.08
-0.07
-0.06
-0.05
-0.03
-0.02
-0.01
0.01
0.02
0.03
0.04
0.06
0.07
0.08
0.09
0.09
0.1
0.11
0.11
0.11
0.12
0.12
0.12
0.12
0.11
0.11
0.11
0.1
0.1
0.09
0.08
0.08
0.07
0.06
0.06
0.05
0.04
0.03
0.02
0.01
0.0
-0.01
-0.01
-0.02
-0.03
-0.04
-0.05
-0.05
-0.06
-0.06
-0.07
-0.07
-0.07
-0.08
-0.08
-0.08
-0.09
-0.09
-0.09
-0.09
-0.1
-0.1
-0.1
-0.1
-0.1
-0.1
-0.1
-0.1
-0.1
-0.09
-0.08
-0.08
-0.07
-0.06
-0.06
-0.05
-0.04
-0.03
-0.02
-0.01
0.0
0.01
0.03
0.04
0.05
0.06
0.07
0.07
0.08
0.09
0.1
0.1
0.11
0.11
0.11
0.11
0.11
0.11
0.11
0.11
0.1
0.1
0.09
0.09
0.08
0.07
0.06
0.05
0.04
0.03
0.02
0.0
-0.01
-0.02
-0.03
-0.05
-0.06
-0.07
-0.08
-0.08
-0.09
-0.1
-0.1
-0.1
-0.1
-0.1
-0.1
-0.1
-0.1
-0.09
-0.09
-0.09
-0.09
-0.08
-0.08
-0.08
-0.07
-0.07
-0.06
-0.06
-0.05
-0.05
-0.04
-0.03
-0.03
-0.02
-0.01
0.0
0.01
0.02
0.03
0.04
0.04
0.05
0.06
0.07
0.08
0.08
0.09
0.1
0.1
0.1
0.11
0.11
0.11
0.11
0.1
0.1
0.09
0.08
0.07
0.06
0.05
0.04
0.03
0.02
0.01
-0.01
-0.02
-0.03
-0.05
-0.06
-0.08
-0.09
-0.11
-0.12
-0.13
-0.15
-0.16
-0.17
-0.18
-0.18
-0.18
-0.19
-0.18
-0.18
-0.18
-0.17
-0.17
-0.16
-0.15
-0.15
-0.15
-0.15
-0.15
-0.15
-0.15
-0.15
-0.15
-0.14
-0.13
-0.12
-0.11
-0.09
-0.07
-0.05
-0.03
-0.01
0.01
0.03
0.04
0.05
0.06
0.06
0.05
0.04
0.03
0.0
-0.02
-0.05
-0.08
-0.11
-0.14
-0.16
-0.18
-0.2
-0.21
-0.22
-0.23
-0.23
-0.23
-0.23
-0.23
-0.23
-0.23
-0.23
-0.24
-0.25
-0.27
-0.3
-0.33
-0.36
-0.4
-0.44
-0.48
-0.52
-0.55
-0.57
-0.59
-0.6
-0.61
-0.6
-0.57
-0.54
-0.5
-0.44
-0.38
-0.31
-0.24
-0.15
-0.07
0.02
0.11
0.2
0.3
0.39
0.48
0.58
0.67
0.76
0.85
0.93
1.01
1.09
1.16
1.23
1.29
1.34
1.38
1.4
1.42
1.42
1.4
1.38
1.34
1.29
1.24
1.18
1.12
1.06
1.0
0.94
0.88
0.81
0.75
0.68
0.61
0.54
0.46
0.37
0.29
0.2
0.12
0.03
-0.05
-0.13
-0.21
-0.28
-0.35
-0.42
-0.48
-0.54
-0.6
-0.66
-0.72
-0.77
-0.82
-0.86
-0.9
-0.94
-0.98
-1.02
-1.06
-1.1
-1.14
-1.17
-1.2
-1.22
-1.24
-1.26
-1.26
-1.25
-1.24
-1.21
-1.18
-1.14
-1.08
-1.02
-0.96
-0.88
-0.79
-0.7
-0.6
-0.49
-0.37
-0.25
-0.12
0.01
0.14
0.26
0.39
0.51
0.63
0.74
0.84
0.94
1.03
1.11
1.18
1.24
1.3
1.36
1.42
1.47
1.51
1.55
1.58
1.59
1.58
1.55
1.49
1.41
1.3
1.18
1.03
0.87
0.7
0.53
0.36
0.19
0.04
-0.11
-0.24
-0.36
-0.46
-0.55
-0.63
-0.7
-0.77
-0.83
-0.88
-0.94
-1.0
-1.06
-1.12
-1.18
-1.24
-1.31
-1.37
-1.43
-1.49
-1.55
-1.59
-1.62
-1.64
-1.64
-1.63
-1.6
-1.55
-1.49
-1.41
-1.32
-1.22
-1.12
-1.01
-0.89
-0.78
-0.65
-0.52
-0.38
-0.24
-0.08
0.08
0.25
0.43
0.61
0.79
0.97
1.13
1.3
1.45
1.59
1.72
1.84
1.94
2.03
2.09
2.14
2.16
2.16
2.13
2.08
2.0
1.89
1.77
1.62
1.45
1.27
1.08
0.88
0.67
0.47
0.26
0.05
-0.15
-0.35
-0.54
-0.72
-0.89
-1.04
-1.17
-1.29
-1.39
-1.47
-1.53
-1.57
-1.6
-1.62
-1.62
-1.6
-1.58
-1.55
-1.51
-1.46
-1.41
-1.35
-1.29
-1.23
-1.17
-1.1
-1.04
-0.97
-0.9
-0.83
-0.76
-0.68
-0.6
-0.52
-0.43
-0.34
-0.24
-0.14
-0.03
0.08
0.2
0.31
0.43
0.54
0.66
0.76
0.87
0.96
1.05
1.14
1.21
1.28
1.34
1.39
1.43
1.45
1.46
1.45
1.42
1.38
1.33
1.27
1.19
1.11
1.01
0.91
0.8
0.69
0.57
0.44
0.3
0.16
0.01
-0.15
-0.31
-0.47
-0.64
-0.81
-0.97
-1.12
-1.26
-1.39
-1.51
-1.61
-1.69
-1.76
-1.81
-1.83
-1.84
-1.83
-1.8
-1.74
-1.68
-1.59
-1.49
-1.38
-1.26
-1.13
-0.99
-0.85
-0.7
-0.56
-0.41
-0.27
-0.13
0.01
0.14
0.27
0.4
0.52
0.63
0.73
0.83
0.92
1.01
1.09
1.17
1.25
1.33
1.4
1.47
1.52
1.55
1.57
1.57
1.56
1.52
1.47
1.4
1.32
1.23
1.14
1.03
0.93
0.82
0.71
0.6
0.49
0.38
0.27
0.15
0.04
-0.08
-0.19
-0.31
-0.43
-0.54
-0.66
-0.77
-0.88
-0.98
-1.08
-1.17
-1.25
-1.33
-1.39
-1.45
-1.49
-1.52
-1.53
-1.54
-1.53
-1.5
-1.47
-1.42
-1.36
-1.29
-1.22
-1.14
-1.05
-0.97
-0.88
-0.79
-0.69
-0.6
-0.49
-0.39
-0.28
-0.17
-0.05
0.06
0.18
0.3
0.41
0.52
0.63
0.74
0.85
0.97
1.09
1.21
1.32
1.42
1.51
1.58
1.62
1.63
1.61
1.56
1.47
1.36
1.22
1.07
0.9
0.72
0.54
0.37
0.2
0.05
-0.1
-0.24
-0.36
-0.48
-0.58
-0.68
-0.78
-0.87
-0.96
-1.04
-1.12
-1.19
-1.25
-1.31
-1.36
-1.4
-1.44
-1.46
-1.48
-1.48
-1.47
-1.44
-1.4
-1.34
-1.27
-1.19
-1.09
-0.99
-0.88
-0.76
-0.64
-0.52
-0.39
-0.27
-0.14
-0.01
0.12
0.26
0.39
0.53
0.66
0.79
0.92
1.05
1.18
1.32
1.45
1.58
1.71
1.83
1.94
2.04
2.1
2.14
2.16
2.13
2.08
2.01
1.91
1.78
1.65
1.5
1.34
1.17
1.0
0.83
0.65
0.47
0.29
0.11
-0.06
-0.24
-0.4
-0.57
-0.72
-0.87
-1.0
-1.12
-1.22
-1.3
-1.38
-1.43
-1.47
-1.5
-1.52
-1.53
-1.52
-1.51
-1.49
-1.45
-1.41
-1.36
-1.3
-1.24
-1.17
-1.1
-1.02
-0.94
-0.87
-0.79
-0.7
-0.62
-0.53
-0.44
-0.34
-0.23
-0.12
-0.0
0.12
0.25
0.38
0.51
0.64
0.77
0.9
1.02
1.15
1.27
1.38
1.49
1.59
1.68
1.76
1.81
1.84
1.84
1.81
1.75
1.66
1.55
1.41
1.26
1.1
0.93
0.76
0.59
0.43
0.27
0.12
-0.02
-0.16
-0.29
-0.42
-0.55
-0.67
-0.79
-0.91
-1.02
-1.13
-1.23
-1.32
-1.4
-1.48
-1.55
-1.61
-1.65
-1.69
-1.71
-1.71
-1.71
-1.68
-1.64
-1.59
-1.53
-1.45
-1.37
-1.28
-1.19
-1.1
-1.01
-0.92
-0.83
-0.75
-0.66
-0.57
-0.48
-0.38
-0.27
-0.14
-0.01
0.13
0.28
0.44
0.59
0.74
0.89
1.03
1.16
1.28
1.39
1.48
1.56
1.62
1.67
1.7
1.71
1.72
1.71
1.68
1.65
1.6
1.54
1.47
1.39
1.3
1.19
1.08
0.95
0.81
0.65
0.49
0.32
0.14
-0.04
-0.22
-0.4
-0.56
-0.72
-0.87
-0.99
-1.11
-1.2
-1.29
-1.35
-1.41
-1.45
-1.48
-1.51
-1.52
-1.53
-1.53
-1.52
-1.5
-1.48
-1.45
-1.42
-1.39
-1.35
-1.3
-1.25
-1.2
-1.14
-1.07
-0.99
-0.9
-0.8
-0.68
-0.56
-0.42
-0.27
-0.11
0.05
0.21
0.37
0.53
0.69
0.84
1.0
1.16
1.32
1.47
1.6
1.73
1.83
1.9
1.95
1.97
1.95
1.91
1.84
1.75
1.63
1.51
1.37
1.22
1.07
0.92
0.76
0.61
0.45
0.29
0.13
-0.04
-0.21
-0.37
-0.54
-0.71
-0.87
-1.02
-1.15
-1.28
-1.39
-1.48
-1.56
-1.62
-1.67
-1.71
-1.73
-1.73
-1.72
-1.7
-1.66
-1.6
-1.54
-1.46
-1.38
-1.28
-1.19
-1.09
-0.98
-0.88
-0.76
-0.65
-0.53
-0.4
-0.26
-0.12
0.03
0.18
0.34
0.48
0.62
0.75
0.88
0.99
1.09
1.19
1.29
1.37
1.45
1.53
1.59
1.63
1.67
1.69
1.69
1.68
1.66
1.62
1.57
1.51
1.44
1.36
1.27
1.17
1.07
0.96
0.84
0.72
0.6
0.47
0.34
0.21
0.08
-0.05
-0.17
-0.29
-0.41
-0.52
-0.63
-0.74
-0.84
-0.93
-1.02
-1.11
-1.2
-1.27
-1.35
-1.41
-1.47
-1.53
-1.57
-1.6
-1.63
-1.64
-1.64
-1.63
-1.61
-1.58
-1.53
-1.48
-1.41
-1.34
-1.25
-1.16
-1.05
-0.93
-0.8
-0.66
-0.51
-0.34
-0.16
0.03
0.22
0.42
0.61
0.8
0.98
1.15
1.31
1.47
1.61
1.73
1.84
1.94
2.01
2.05
2.06
2.05
2.0
1.92
1.81
1.67
1.51
1.33
1.15
0.95
0.76
0.56
0.37
0.18
-0.0
-0.17
-0.33
-0.49
-0.63
-0.76
-0.88
-0.99
-1.09
-1.19
-1.27
-1.34
-1.4
-1.45
-1.48
-1.5
-1.51
-1.5
-1.47
-1.44
-1.39
-1.33
-1.26
-1.18
-1.1
-1.02
-0.93
-0.85
-0.78
-0.71
-0.65
-0.6
-0.56
-0.53
-0.51
-0.49
-0.47
-0.45
-0.43
-0.4
-0.36
-0.3
-0.24
-0.17
-0.09
0.0
0.1
0.2
0.31
0.43
0.55
0.67
0.8
0.92
1.03
1.14
1.24
1.33
1.41
1.48
1.54
1.6
1.65
1.68
1.71
1.72
1.7
1.67
1.61
1.53
1.42
1.3
1.15
1.0
0.83
0.67
0.5
0.34
0.19
0.05
-0.09
-0.21
-0.32
-0.42
-0.51
-0.59
-0.64
-0.69
-0.72
-0.73
-0.73
-0.71
-0.69
-0.65
-0.61
-0.56
-0.52
-0.47
-0.43
-0.39
-0.36
-0.33
-0.31
-0.29
-0.28
-0.28
-0.27
-0.28
-0.28
-0.29
-0.3
-0.32
-0.34
-0.36
-0.38
-0.4
-0.42
-0.44
-0.45
-0.47
-0.48
-0.5
-0.51
-0.52
-0.52
-0.53
-0.53
-0.53
-0.53
-0.52
-0.51
-0.49
-0.48
-0.45
-0.43
-0.41
-0.38
-0.35
-0.31
-0.28
-0.25
-0.21
-0.18
-0.14
-0.1
-0.06
-0.03
0.01
0.05
0.09
0.13
0.16
0.19
0.22
0.25
0.27
0.29
0.3
0.31
0.31
0.31
0.3
0.29
0.27
0.25
0.23
0.21
0.19
0.17
0.15
0.13
0.11
0.1
0.08
0.07
0.06
0.05
0.04
0.03
0.02
0.01
-0.0
-0.01
-0.03
-0.04
-0.05
-0.06
-0.08
-0.09
-0.1
-0.11
-0.12
-0.12
-0.13
-0.13
-0.13
-0.14
-0.14
-0.14
-0.14
-0.14
-0.14
-0.15
-0.15
-0.15
-0.15
-0.15
-0.14
-0.14
-0.13
-0.12
-0.11
-0.1
-0.08
-0.07
-0.05
-0.04
-0.02
-0.01
-0.0
0.01
0.02
0.02
0.03
0.03
0.03
0.03
0.03
0.02
0.02
0.01
0.01
-0.0
-0.01
-0.02
-0.02
-0.03
-0.04
-0.05
-0.05
-0.06
-0.06
-0.07
-0.07
-0.06
-0.06
-0.06
-0.06
-0.05
-0.05
-0.04
-0.04
-0.04
-0.03
-0.03
-0.02
-0.02
-0.01
-0.01
0.0
0.01
0.01
0.02
0.02
0.03
0.03
0.03
0.03
0.03
0.03
0.03
0.03
0.02
0.02
0.01
0.0
-0.01
-0.01
-0.02
-0.03
-0.04
-0.05
-0.05
-0.06
-0.06
-0.07
-0.07
-0.07
-0.07
-0.08
-0.08
-0.08
-0.07
-0.07
-0.07
-0.07
-0.07
-0.07
-0.06
-0.06
-0.06
-0.05
-0.05
-0.05
-0.04
-0.04
-0.03
-0.03
-0.02
-0.02
-0.01
-0.01
-0.0
-0.0
0.0
0.0
0.0
0.0
0.0
-0.0
-0.0
-0.0
-0.01
-0.01
-0.01
-0.02
-0.02
-0.02
-0.02
-0.02
-0.03
-0.03
-0.03
-0.03
-0.03
-0.02
-0.02
-0.02
-0.02
-0.02
-0.01
-0.01
-0.01
-0.01
-0.01
-0.02
-0.02
-0.02
-0.03
-0.03
-0.04
-0.04
-0.05
-0.05
-0.06
-0.06
-0.07
-0.07
-0.07
-0.07
-0.07
-0.07
-0.07
-0.07
-0.06
-0.06
-0.06
-0.05
-0.05
-0.05
-0.04
-0.04
-0.04
-0.03
-0.03
-0.03
-0.03
-0.02
-0.02
-0.02
-0.02
-0.01
-0.01
-0.01
-0.01
-0.0
-0.0
0.0
0.0
0.01
0.01
0.01
0.01
0.01
0.01
0.01
0.01
0.01
0.01
0.01
0.01
0.01
0.01
0.0
0.0
-0.0
-0.0
-0.0
-0.01
-0.01
-0.01
-0.01
-0.01
-0.01
-0.01
-0.01
-0.01
-0.01
-0.01
-0.01
-0.01
-0.01
-0.02
-0.02
-0.02
-0.02
-0.03
-0.03
-0.03
-0.03
-0.04
-0.04
-0.04
-0.04
-0.04
-0.04
-0.04
-0.04
-0.04
-0.04
-0.04
-0.04
-0.04
-0.04
-0.04
-0.05
-0.05
-0.05
-0.05
-0.05
-0.05
-0.05
-0.05
-0.05
-0.04
-0.04
-0.04
-0.04
-0.03
-0.03
-0.03
-0.03
-0.03
-0.03
-0.03
-0.03
-0.03
-0.03
-0.03
-0.02
-0.02
-0.02
-0.01
-0.01
-0.0
0.0
0.01
0.01
0.01
0.02
0.02
0.03
0.03
0.03
0.03
0.03
0.03
0.03
0.03
0.03
0.03
0.02
0.02
0.01
0.01
0.0
-0.01
-0.01
-0.02
-0.03
-0.04
-0.05
-0.06
-0.06
-0.07
-0.08
-0.09
-0.1
-0.11
-0.11
-0.12
-0.12
-0.13
-0.13
-0.13
-0.13
-0.12
-0.12
-0.12
-0.11
-0.11
-0.1
-0.1
-0.09
-0.09
-0.08
-0.08
-0.08
-0.07
-0.06
-0.06
-0.05
-0.05
-0.04
-0.03
-0.03
-0.02
-0.02
-0.01
-0.01
-0.01
-0.02
-0.02
-0.02
-0.03
-0.03
-0.03
-0.03
-0.04
-0.04
-0.04
-0.04
-0.04
-0.04
-0.04
-0.04
-0.04
-0.04
-0.04
-0.04
-0.04
-0.04
-0.04
-0.04
-0.04
-0.04
-0.04
-0.04
-0.03
-0.03
-0.03
-0.02
-0.02
-0.01
-0.01
-0.01
-0.0
0.0
0.0
0.01
0.01
0.01
0.01
0.01
0.01
0.01
0.01
0.01
0.01
0.01
0.01
0.01
0.01
0.02
0.02
0.02
0.02
0.02
0.02
0.02
0.02
0.01
0.01
0.01
0.0
0.0
-0.0
-0.01
-0.01
-0.01
-0.02
-0.02
-0.02
-0.03
-0.03
-0.04
-0.04
-0.04
-0.05
-0.05
-0.05
-0.06
-0.06
-0.06
-0.06
-0.06
-0.07
-0.07
-0.07
-0.07
-0.07
-0.07
-0.07
-0.07
-0.07
-0.07
-0.07
-0.06
-0.06
-0.05
-0.05
-0.04
-0.03
-0.03
-0.02
-0.02
-0.02
-0.01
-0.01
-0.01
-0.01
-0.02
-0.02
-0.02
-0.03
-0.03
-0.04
-0.04
-0.05
-0.05
-0.06
-0.06
-0.06
-0.06
-0.06
-0.06
-0.06
-0.05
-0.05
-0.05
-0.05
-0.05
-0.04
-0.04
-0.04
-0.04
-0.04
-0.03
-0.03
-0.03
-0.02
-0.02
-0.02
-0.01
-0.01
-0.01
-0.0
0.0
0.0
0.01
0.01
0.01
0.01
0.01
0.01
0.01
0.01
0.0
0.0
-0.0
-0.0
-0.01
-0.01
-0.01
-0.02
-0.02
-0.02
-0.02
-0.02
-0.02
-0.02
-0.02
-0.02
-0.02
-0.02
-0.02
-0.02
-0.02
-0.02
-0.02
-0.02
-0.02
-0.02
-0.02
-0.02
-0.02
-0.02
-0.03
-0.03
-0.03
-0.04
-0.04
-0.05
-0.05
-0.05
-0.06
-0.06
-0.06
-0.07
-0.07
-0.07
-0.07
-0.07
-0.07
-0.07
-0.06
-0.06
-0.06
-0.05
-0.05
-0.04
-0.04
-0.03
-0.03
-0.02
-0.02
-0.02
-0.01
-0.01
-0.01
-0.01
-0.01
-0.01
-0.01
-0.01
-0.01
-0.01
-0.01
-0.02
-0.02
-0.02
-0.03
-0.03
-0.04
-0.04
-0.04
-0.05
-0.05
-0.05
-0.06
-0.06
-0.06
-0.07
-0.07
-0.07
-0.07
-0.08
-0.08
-0.08
-0.08
-0.08
-0.08
-0.08
-0.09
-0.09
-0.09
-0.09
-0.09
-0.09
-0.09
-0.09
-0.09
-0.09
-0.09
-0.09
-0.09
-0.09
-0.09
-0.09
-0.09
-0.09
-0.09
-0.09
-0.09
-0.09
-0.09
-0.09
-0.09
-0.08
-0.08
-0.07
-0.06
-0.06
-0.05
-0.04
-0.03
-0.03
-0.02
-0.01
-0.01
0.0
0.01
0.01
0.02
0.02
0.03
0.03
0.03
0.03
0.04
0.04
0.04
0.04
0.03
0.03
0.03
0.02
0.01
