0.05
0.05
0.04
0.04
0.03
0.03
0.02
0.01
0.0
-0.01
-0.01
-0.02
-0.03
-0.04
-0.04
-0.05
-0.05
-0.05
-0.05
-0.06
-0.06
-0.06
-0.06
-0.06
-0.06
-0.06
-0.06
-0.07
-0.07
-0.07
-0.07
-0.07
-0.07
-0.07
-0.07
-0.07
-0.06
-0.06
-0.06
-0.05
-0.04
-0.04
-0.03
-0.02
-0.01
-0.0
0.01
0.01
0.02
0.03
0.03
0.03
0.04
0.04
0.05
0.05
0.05
0.05
0.06
0.06
0.06
0.07
0.07
0.07
0.07
0.07
0.07
0.07
0.07
0.07
0.06
0.06
0.06
0.05
0.05
0.04
0.04
0.03
0.03
0.03
0.02
0.02
0.01
0.01
0.01
0.01
0.0
0.0
0.0
0.0
0.0
0.0
0.0
0.0
0.0
0.0
0.0
0.0
0.0
-0.0
-0.0
-0.01
-0.01
-0.02
-0.03
-0.04
-0.05
-0.06
-0.06
-0.07
-0.08
-0.08
-0.09
-0.09
-0.1
-0.1
-0.1
-0.09
-0.09
-0.09
-0.08
-0.08
-0.07
-0.06
-0.06
-0.05
-0.04
-0.03
-0.03
-0.02
-0.01
-0.0
0.0
0.01
0.02
0.02
0.03
0.03
0.04
0.04
0.04
0.05
0.05
0.05
0.05
0.05
0.05
0.05
0.05
0.05
0.05
0.04
0.04
0.03
0.03
0.02
0.01
0.01
-0.0
-0.01
-0.02
-0.03
-0.04
-0.05
-0.06
-0.07
-0.08
-0.08
-0.09
-0.1
-0.1
-0.1
-0.11
-0.11
-0.11
-0.11
-0.1
-0.1
-0.1
-0.1
-0.09
-0.09
-0.09
-0.08
-0.08
-0.08
-0.08
-0.07
-0.07
-0.07
-0.07
-0.07
-0.06
-0.06
-0.06
-0.06
-0.05
-0.05
-0.04
-0.04
-0.03
-0.02
-0.02
-0.01
-0.0
0.01
0.02
0.03
0.03
0.04
0.05
0.06
0.06
0.07
0.07
0.07
0.07
0.07
0.06
0.06
0.05
0.04
0.03
0.01
-0.0
-0.01
-0.03
-0.04
-0.06
-0.07
-0.08
-0.1
-0.11
-0.13
-0.15
-0.16
-0.18
-0.2
-0.22
-0.24
-0.25
-0.26
-0.27
-0.28
-0.28
-0.28
-0.28
-0.28
-0.29
-0.29
-0.29
-0.3
-0.31
-0.32
-0.34
-0.35
-0.35
-0.36
-0.36
-0.35
-0.34
-0.31
-0.28
-0.24
-0.19
-0.13
-0.07
-0.01
0.05
0.11
0.16
0.2
0.24
0.26
0.27
0.27
0.26
0.25
0.23
0.21
0.19
0.16
0.15
0.13
0.12
0.11
0.11
0.12
0.13
0.14
0.16
0.19
0.22
0.26
0.3
0.34
0.39
0.44
0.48
0.53
0.57
0.61
0.65
0.68
0.72
0.75
0.78
0.81
0.84
0.87
0.89
0.92
0.94
0.96
0.98
0.99
1.0
1.0
1.01
1.01
1.02
1.03
1.04
1.06
1.06
1.07
1.06
1.04
1.01
0.96
0.89
0.81
0.71
0.6
0.48
0.35
0.22
0.09
-0.04
-0.16
-0.28
-0.39
-0.5
-0.6
-0.69
-0.78
-0.87
-0.95
-1.03
-1.11
-1.18
-1.25
-1.31
-1.37
-1.43
-1.47
-1.51
-1.54
-1.56
-1.58
-1.58
-1.57
-1.55
-1.52
-1.47
-1.42
-1.34
-1.25
-1.15
-1.03
-0.9
-0.76
-0.6
-0.43
-0.26
-0.08
0.1
0.28
0.45
0.62
0.78
0.93
1.07
1.19
1.3
1.39
1.47
1.53
1.58
1.6
1.61
1.6
1.58
1.54
1.48
1.41
1.32
1.21
1.09
0.96
0.81
0.66
0.49
0.32
0.14
-0.03
-0.2
-0.37
-0.52
-0.66
-0.78
-0.89
-0.97
-1.04
-1.1
-1.15
-1.19
-1.22
-1.25
-1.28
-1.3
-1.33
-1.36
-1.39
-1.42
-1.45
-1.48
-1.51
-1.53
-1.55
-1.57
-1.57
-1.56
-1.54
-1.5
-1.44
-1.37
-1.28
-1.18
-1.06
-0.93
-0.79
-0.65
-0.5
-0.35
-0.2
-0.05
0.09
0.24
0.38
0.53
0.66
0.8
0.93
1.06
1.18
1.29
1.39
1.48
1.55
1.61
1.66
1.7
1.72
1.73
1.74
1.73
1.71
1.69
1.65
1.6
1.54
1.46
1.38
1.27
1.15
1.01
0.85
0.68
0.49
0.29
0.09
-0.12
-0.32
-0.52
-0.7
-0.87
-1.03
-1.16
-1.28
-1.38
-1.46
-1.52
-1.57
-1.6
-1.62
-1.63
-1.63
-1.62
-1.59
-1.56
-1.52
-1.47
-1.42
-1.35
-1.28
-1.21
-1.13
-1.04
-0.94
-0.85
-0.74
-0.64
-0.52
-0.41
-0.28
-0.16
-0.03
0.1
0.24
0.38
0.52
0.66
0.81
0.95
1.09
1.22
1.35
1.47
1.58
1.67
1.75
1.82
1.86
1.89
1.9
1.89
1.85
1.79
1.71
1.6
1.48
1.33
1.16
0.98
0.79
0.59
0.39
0.19
-0.0
-0.19
-0.38
-0.55
-0.72
-0.89
-1.04
-1.19
-1.33
-1.48
-1.61
-1.74
-1.87
-1.99
-2.09
-2.18
-2.25
-2.3
-2.33
-2.33
-2.31
-2.26
-2.18
-2.08
-1.96
-1.81
-1.65
-1.47
-1.27
-1.07
-0.86
-0.65
-0.44
-0.24
-0.05
0.14
0.31
0.46
0.61
0.74
0.85
0.96
1.05
1.13
1.2
1.25
1.29
1.33
1.35
1.37
1.39
1.4
1.4
1.41
1.4
1.39
1.36
1.32
1.26
1.19
1.1
1.0
0.89
0.77
0.65
0.54
0.42
0.31
0.21
0.11
0.01
-0.07
-0.16
-0.24
-0.32
-0.39
-0.46
-0.52
-0.58
-0.62
-0.66
-0.69
-0.71
-0.73
-0.75
-0.76
-0.76
-0.77
-0.78
-0.79
-0.8
-0.81
-0.82
-0.83
-0.84
-0.84
-0.84
-0.84
-0.84
-0.83
-0.82
-0.8
-0.77
-0.74
-0.7
-0.65
-0.6
-0.54
-0.47
-0.39
-0.3
-0.2
-0.1
0.02
0.14
0.27
0.39
0.52
0.65
0.77
0.88
0.98
1.06
1.14
1.2
1.24
1.26
1.27
1.26
1.23
1.2
1.14
1.08
1.01
0.94
0.86
0.77
0.68
0.59
0.5
0.4
0.29
0.18
0.06
-0.06
-0.19
-0.33
-0.47
-0.61
-0.75
-0.89
-1.02
-1.14
-1.26
-1.36
-1.45
-1.53
-1.59
-1.64
-1.67
-1.68
-1.67
-1.65
-1.61
-1.56
-1.49
-1.42
-1.33
-1.24
-1.13
-1.03
-0.92
-0.81
-0.7
-0.59
-0.47
-0.36
-0.24
-0.12
0.01
0.13
0.26
0.39
0.52
0.65
0.77
0.9
1.03
1.15
1.28
1.41
1.54
1.66
1.78
1.88
1.97
2.03
2.08
2.1
2.1
2.07
2.02
1.94
1.84
1.72
1.59
1.44
1.29
1.12
0.95
0.78
0.61
0.44
0.27
0.11
-0.05
-0.2
-0.34
-0.47
-0.59
-0.7
-0.8
-0.9
-0.98
-1.06
-1.13
-1.2
-1.26
-1.31
-1.35
-1.39
-1.43
-1.46
-1.48
-1.5
-1.52
-1.53
-1.53
-1.53
-1.52
-1.5
-1.47
-1.43
-1.39
-1.33
-1.27
-1.2
-1.11
-1.02
-0.92
-0.81
-0.68
-0.55
-0.4
-0.24
-0.07
0.1
0.28
0.46
0.64
0.81
0.99
1.15
1.31
1.45
1.58
1.7
1.8
1.88
1.94
1.97
1.97
1.95
1.9
1.82
1.72
1.6
1.46
1.32
1.16
1.0
0.83
0.67
0.5
0.34
0.18
0.02
-0.14
-0.29
-0.44
-0.59
-0.73
-0.87
-1.0
-1.12
-1.24
-1.35
-1.46
-1.55
-1.63
-1.71
-1.76
-1.81
-1.84
-1.86
-1.86
-1.85
-1.83
-1.79
-1.74
-1.68
-1.6
-1.5
-1.4
-1.28
-1.15
-1.01
-0.85
-0.69
-0.51
-0.32
-0.13
0.06
0.26
0.46
0.66
0.85
1.04
1.22
1.39
1.56
1.73
1.9
2.06
2.21
2.35
2.47
2.57
2.64
2.68
2.68
2.65
2.58
2.48
2.34
2.17
1.96
1.74
1.49
1.22
0.94
0.66
0.37
0.09
-0.19
-0.46
-0.72
-0.96
-1.18
-1.38
-1.55
-1.7
-1.83
-1.94
-2.02
-2.08
-2.11
-2.13
-2.13
-2.11
-2.08
-2.03
-1.98
-1.91
-1.83
-1.75
-1.66
-1.57
-1.48
-1.38
-1.28
-1.18
-1.08
-0.99
-0.89
-0.79
-0.69
-0.59
-0.48
-0.38
-0.26
-0.15
-0.02
0.11
0.24
0.38
0.53
0.67
0.82
0.95
1.08
1.2
1.31
1.41
1.49
1.55
1.6
1.64
1.66
1.66
1.65
1.61
1.57
1.5
1.43
1.34
1.25
1.15
1.04
0.93
0.81
0.69
0.57
0.45
0.32
0.19
0.06
-0.07
-0.2
-0.33
-0.46
-0.59
-0.71
-0.83
-0.95
-1.06
-1.16
-1.26
-1.34
-1.42
-1.49
-1.55
-1.59
-1.62
-1.64
-1.64
-1.62
-1.59
-1.54
-1.48
-1.41
-1.32
-1.23
-1.13
-1.02
-0.91
-0.79
-0.67
-0.54
-0.42
-0.28
-0.15
-0.01
0.13
0.27
0.41
0.55
0.68
0.8
0.92
1.03
1.13
1.23
1.31
1.39
1.46
1.52
1.56
1.59
1.61
1.61
1.59
1.55
1.5
1.44
1.36
1.27
1.17
1.06
0.94
0.82
0.7
0.58
0.46
0.34
0.22
0.11
-0.0
-0.11
-0.21
-0.31
-0.4
-0.48
-0.56
-0.63
-0.71
-0.77
-0.84
-0.9
-0.95
-1.01
-1.05
-1.09
-1.13
-1.15
-1.17
-1.19
-1.19
-1.18
-1.17
-1.14
-1.1
-1.06
-1.0
-0.93
-0.86
-0.79
-0.71
-0.63
-0.55
-0.46
-0.38
-0.29
-0.19
-0.1
0.0
0.11
0.22
0.34
0.45
0.57
0.68
0.79
0.88
0.98
1.06
1.13
1.2
1.26
1.31
1.34
1.36
1.36
1.35
1.31
1.25
1.17
1.07
0.96
0.83
0.69
0.55
0.4
0.26
0.12
-0.01
-0.14
-0.26
-0.37
-0.47
-0.56
-0.65
-0.74
-0.81
-0.88
-0.95
-1.0
-1.05
-1.1
-1.14
-1.17
-1.19
-1.21
-1.22
-1.22
-1.21
-1.2
-1.18
-1.16
-1.13
-1.09
-1.05
-1.01
-0.97
-0.93
-0.88
-0.84
-0.8
-0.75
-0.71
-0.67
-0.63
-0.58
-0.54
-0.49
-0.43
-0.37
-0.31
-0.24
-0.16
-0.08
0.01
0.11
0.21
0.32
0.43
0.54
0.65
0.76
0.88
0.98
1.09
1.2
1.31
1.41
1.52
1.62
1.71
1.79
1.85
1.88
1.89
1.86
1.8
1.7
1.57
1.42
1.25
1.07
0.88
0.69
0.5
0.32
0.16
0.0
-0.14
-0.27
-0.39
-0.49
-0.59
-0.67
-0.73
-0.78
-0.82
-0.85
-0.86
-0.87
-0.87
-0.86
-0.85
-0.84
-0.82
-0.8
-0.78
-0.76
-0.73
-0.7
-0.66
-0.62
-0.58
-0.53
-0.49
-0.44
-0.39
-0.35
-0.31
-0.27
-0.24
-0.22
-0.2
-0.18
-0.18
-0.17
-0.18
-0.19
-0.2
-0.22
-0.25
-0.27
-0.29
-0.31
-0.33
-0.34
-0.35
-0.35
-0.34
-0.32
-0.3
-0.28
-0.25
-0.22
-0.19
-0.16
-0.13
-0.11
-0.09
-0.07
-0.05
-0.04
-0.03
-0.02
-0.01
-0.0
0.01
0.02
0.04
0.05
0.07
0.1
0.12
0.15
0.18
0.2
0.22
0.24
0.26
0.27
0.28
0.28
0.28
0.27
0.26
0.24
0.22
0.2
0.17
0.15
0.13
0.11
0.09
0.08
0.08
0.08
0.08
0.08
0.09
0.09
0.09
0.09
0.09
0.09
0.08
0.08
0.07
0.06
0.04
0.04
0.03
0.02
0.02
0.02
0.02
0.02
0.02
0.03
0.03
0.04
0.04
0.04
0.04
0.03
0.03
0.01
0.0
-0.01
-0.03
-0.05
-0.07
-0.09
-0.11
-0.13
-0.14
-0.16
-0.17
-0.18
-0.19
-0.2
-0.2
-0.19
-0.19
-0.18
-0.17
-0.16
-0.15
-0.13
-0.11
-0.1
-0.08
-0.06
-0.04
-0.02
-0.0
0.02
0.04
0.06
0.08
0.1
0.12
0.13
0.15
0.16
0.17
0.18
0.19
0.19
0.19
0.19
0.19
0.18
0.17
0.16
0.15
0.13
0.11
0.09
0.07
0.05
0.03
0.01
-0.01
-0.03
-0.05
-0.07
-0.09
-0.1
-0.12
-0.14
-0.15
-0.16
-0.17
-0.18
-0.18
-0.19
-0.19
-0.19
-0.19
-0.19
-0.18
-0.18
-0.17
-0.17
-0.16
-0.15
-0.14
-0.13
-0.12
-0.11
-0.1
-0.09
-0.08
-0.07
-0.06
-0.05
-0.04
-0.03
-0.02
-0.01
0.0
0.01
0.02
0.03
0.04
0.05
0.05
0.06
0.06
0.06
0.06
0.06
0.06
0.05
0.05
0.05
0.05
0.04
0.04
0.04
0.04
0.04
0.04
0.04
0.04
0.03
0.03
0.03
0.03
0.02
0.02
0.01
0.01
0.01
0.0
-0.0
-0.01
-0.01
-0.01
-0.02
-0.02
-0.02
-0.03
-0.03
-0.04
-0.04
-0.05
-0.05
-0.05
-0.06
-0.06
-0.07
-0.07
-0.07
-0.08
-0.08
-0.08
-0.08
-0.09
-0.09
-0.09
-0.09
-0.08
-0.08
-0.08
-0.07
-0.07
-0.06
-0.05
-0.05
-0.04
-0.03
-0.02
-0.01
-0.0
0.01
0.01
0.02
0.02
0.02
0.02
0.02
0.02
0.02
0.01
0.01
0.0
0.0
-0.0
-0.01
-0.01
-0.01
-0.01
-0.02
-0.02
-0.02
-0.02
-0.02
-0.02
-0.02
-0.02
-0.02
-0.02
-0.02
-0.02
-0.02
-0.02
-0.02
-0.02
-0.02
-0.01
-0.01
-0.01
-0.01
-0.0
-0.0
0.0
0.0
0.01
0.01
0.01
0.01
0.01
0.01
0.01
0.01
0.01
0.01
0.01
0.0
0.0
0.0
0.0
0.0
-0.0
-0.0
-0.0
-0.01
-0.01
-0.01
-0.02
-0.02
-0.03
-0.03
-0.04
-0.04
-0.04
-0.05
-0.05
-0.05
-0.05
-0.05
-0.05
-0.05
-0.04
-0.04
-0.04
-0.03
-0.03
-0.03
-0.03
-0.03
-0.03
-0.03
-0.03
-0.03
-0.03
-0.03
-0.03
-0.03
-0.03
-0.03
-0.02
-0.02
-0.02
-0.01
-0.01
-0.0
0.0
0.0
0.01
0.01
0.02
0.02
0.02
0.02
0.02
0.02
0.02
0.02
0.02
0.02
0.02
0.02
0.02
0.02
0.02
0.02
0.02
0.02
0.03
0.03
0.03
0.03
0.04
0.04
0.04
0.04
0.04
0.04
0.05
0.05
0.05
0.05
0.05
0.05
0.05
0.05
0.04
0.04
0.04
0.03
0.03
0.02
0.02
0.01
0.0
-0.0
-0.01
-0.02
-0.02
-0.03
-0.04
-0.05
-0.06
-0.06
-0.07
-0.08
-0.09
-0.1
-0.1
-0.11
-0.12
-0.13
-0.14
-0.14
-0.15
-0.15
-0.16
-0.16
-0.17
-0.17
-0.17
-0.16
-0.16
-0.15
-0.14
-0.13
-0.12
-0.1
-0.09
-0.07
-0.05
-0.03
-0.02
0.0
0.02
0.03
0.05
0.06
0.08
0.09
0.1
0.11
0.11
0.12
0.12
0.13
0.13
0.13
0.12
0.12
0.11
0.1
0.09
0.08
0.07
0.06
0.04
0.03
0.01
0.0
-0.01
-0.03
-0.04
-0.05
-0.06
-0.07
-0.08
-0.09
-0.1
-0.1
-0.11
-0.11
-0.12
-0.12
-0.12
-0.12
-0.12
-0.12
-0.12
-0.11
-0.11
-0.11
-0.1
-0.1
-0.09
-0.09
-0.08
-0.08
-0.08
-0.07
-0.07
-0.07
-0.07
-0.07
-0.06
-0.06
-0.06
-0.06
-0.06
-0.05
-0.05
-0.05
-0.04
-0.04
-0.03
-0.02
-0.02
-0.01
-0.0
0.01
0.01
0.02
0.02
0.03
0.03
0.04
0.04
0.04
0.04
0.04
0.04
0.04
0.04
0.04
0.04
0.04
0.04
0.04
0.03
0.03
0.03
0.03
0.02
0.02
0.02
0.02
0.01
0.01
0.01
0.0
0.0
-0.0
-0.01
-0.01
-0.01
-0.02
-0.02
-0.03
-0.03
-0.04
-0.04
-0.04
-0.05
-0.05
-0.05
-0.05
-0.05
-0.05
-0.05
-0.05
-0.05
-0.04
-0.04
-0.04
-0.04
-0.04
-0.04
-0.03
-0.03
-0.03
-0.03
-0.03
-0.03
-0.03
-0.02
-0.02
-0.01
-0.01
-0.0
0.01
0.01
0.02
0.03
0.04
0.04
0.05
0.05
0.05
0.06
0.06
0.05
0.05
0.05
0.04
0.04
0.03
0.02
0.02
0.01
0.0
-0.0
-0.01
-0.02
-0.03
-0.03
-0.04
-0.05
-0.05
-0.06
-0.06
-0.07
-0.07
-0.07
-0.08
-0.08
-0.08
-0.08
-0.08
-0.08
-0.08
-0.08
-0.08
-0.07
-0.07
-0.06
-0.06
-0.05
-0.04
-0.03
-0.02
-0.01
-0.0
0.01
0.02
0.04
0.05
0.06
0.07
0.08
0.09
0.1
0.11
0.12
0.12
0.12
0.13
0.13
0.12
0.12
0.12
0.11
0.1
0.09
0.08
0.07
0.06
0.05
0.03
0.02
0.01
-0.01
-0.02
-0.04
-0.05
-0.07
-0.08
-0.09
-0.11
-0.12
-0.13
-0.13
-0.13
-0.13
-0.13
-0.12
-0.12
-0.1
-0.09
-0.08
-0.06
-0.05
-0.03
-0.01
0.01
0.02
0.04
0.05
0.07
0.08
0.09
0.1
0.11
0.11
0.12
0.12
0.12
0.12
0.11
0.11
0.1
0.09
0.08
0.06
0.05
0.03
0.02
-0.0
-0.02
-0.04
-0.05
-0.07
-0.08
-0.1
-0.11
-0.12
-0.13
-0.13
-0.13
-0.14
-0.13
-0.13
-0.13
-0.12
-0.11
-0.1
-0.09
-0.08
-0.07
-0.06
-0.05
-0.04
-0.02
-0.01
-0.0
0.01
0.01
0.02
0.03
0.03
0.04
0.04
0.04
0.04
0.04
0.04
0.04
0.04
0.03
0.03
0.02
0.02
0.01
