0.07
0.05
0.04
0.03
0.01
0.0
-0.01
-0.02
-0.04
-0.06
-0.08
-0.1
-0.13
-0.16
-0.2
-0.23
-0.27
-0.3
-0.33
-0.36
-0.39
-0.42
-0.45
-0.48
-0.5
-0.53
-0.57
-0.6
-0.63
-0.66
-0.69
-0.72
-0.75
-0.78
-0.81
-0.84
-0.87
-0.9
-0.93
-0.96
-0.98
-1.0
-1.01
-1.01
-0.99
-0.95
-0.9
-0.84
-0.76
-0.66
-0.56
-0.45
-0.33
-0.21
-0.09
0.03
0.15
0.27
0.38
0.48
0.58
0.66
0.74
0.81
0.87
0.91
0.95
0.99
1.01
1.03
1.03
1.03
1.03
1.01
0.99
0.96
0.93
0.88
0.84
0.78
0.73
0.67
0.6
0.54
0.47
0.4
0.33
0.26
0.19
0.12
0.06
0.0
-0.05
-0.09
-0.12
-0.15
-0.17
-0.18
-0.19
-0.2
-0.2
-0.2
-0.2
-0.19
-0.19
-0.18
-0.17
-0.16
-0.15
-0.15
-0.14
-0.14
-0.14
-0.15
-0.16
-0.17
-0.19
-0.21
-0.22
-0.24
-0.25
-0.26
-0.27
-0.26
-0.25
-0.24
-0.22
-0.2
-0.17
-0.14
-0.12
-0.09
-0.06
-0.03
-0.0
0.02
0.04
0.05
0.06
0.06
0.06
0.05
0.04
0.02
0.0
-0.02
-0.04
-0.06
-0.08
-0.1
-0.12
-0.14
-0.16
-0.18
-0.19
-0.2
-0.22
-0.23
-0.25
-0.27
-0.29
-0.3
-0.32
-0.33
-0.34
-0.35
-0.36
-0.35
-0.35
-0.34
-0.33
-0.31
-0.28
-0.26
-0.23
-0.19
-0.16
-0.12
-0.09
-0.06
-0.02
0.0
0.03
0.05
0.07
0.08
0.09
0.1
0.1
0.1
0.1
0.09
0.08
0.06
0.05
0.03
0.01
-0.01
-0.03
-0.05
-0.08
-0.1
-0.13
-0.16
-0.18
-0.2
-0.22
-0.24
-0.25
-0.26
-0.27
-0.27
-0.27
-0.27
-0.26
-0.25
-0.24
-0.23
-0.21
-0.19
-0.17
-0.16
-0.14
-0.12
-0.11
-0.09
-0.08
-0.07
-0.05
-0.04
-0.03
-0.02
-0.01
0.01
0.02
0.03
0.03
0.04
0.04
0.05
0.04
0.04
0.03
0.02
0.01
-0.01
-0.02
-0.03
-0.04
-0.05
-0.06
-0.07
-0.07
-0.07
-0.06
-0.05
-0.04
-0.03
-0.02
-0.0
0.02
0.03
0.05
0.07
0.08
0.1
0.12
0.14
0.15
0.16
0.17
0.17
0.17
0.16
0.14
0.11
0.08
0.05
0.02
-0.02
-0.05
-0.08
-0.1
-0.12
-0.13
-0.14
-0.15
-0.15
-0.16
-0.16
-0.17
-0.19
-0.21
-0.24
-0.27
-0.31
-0.35
-0.4
-0.45
-0.5
-0.54
-0.58
-0.61
-0.64
-0.66
-0.67
-0.67
-0.66
-0.64
-0.61
-0.57
-0.53
-0.47
-0.41
-0.35
-0.28
-0.21
-0.14
-0.06
0.01
0.09
0.17
0.25
0.33
0.41
0.49
0.57
0.64
0.72
0.79
0.86
0.93
0.99
1.05
1.1
1.14
1.17
1.2
1.21
1.22
1.21
1.18
1.15
1.11
1.07
1.02
0.97
0.91
0.86
0.81
0.75
0.7
0.63
0.56
0.48
0.39
0.3
0.2
0.09
-0.02
-0.12
-0.23
-0.33
-0.43
-0.51
-0.59
-0.65
-0.71
-0.76
-0.8
-0.83
-0.86
-0.88
-0.9
-0.93
-0.95
-0.97
-0.98
-1.0
-1.02
-1.03
-1.04
-1.05
-1.06
-1.06
-1.06
-1.05
-1.03
-1.0
-0.96
-0.91
-0.84
-0.76
-0.67
-0.57
-0.45
-0.32
-0.18
-0.04
0.11
0.25
0.4
0.55
0.69
0.83
0.96
1.08
1.19
1.29
1.38
1.46
1.53
1.58
1.63
1.66
1.69
1.7
1.7
1.67
1.63
1.57
1.48
1.36
1.21
1.04
0.84
0.63
0.4
0.16
-0.08
-0.31
-0.54
-0.76
-0.97
-1.16
-1.33
-1.49
-1.63
-1.75
-1.86
-1.95
-2.03
-2.09
-2.13
-2.15
-2.17
-2.17
-2.15
-2.13
-2.09
-2.03
-1.95
-1.85
-1.74
-1.6
-1.44
-1.26
-1.07
-0.86
-0.65
-0.44
-0.22
-0.01
0.2
0.39
0.58
0.74
0.9
1.04
1.16
1.27
1.37
1.45
1.52
1.58
1.62
1.65
1.67
1.69
1.69
1.68
1.66
1.63
1.58
1.52
1.45
1.36
1.26
1.14
1.01
0.87
0.71
0.55
0.38
0.2
0.01
-0.18
-0.38
-0.57
-0.77
-0.96
-1.14
-1.3
-1.46
-1.6
-1.72
-1.82
-1.9
-1.95
-1.99
-2.01
-2.01
-1.99
-1.95
-1.9
-1.83
-1.76
-1.67
-1.57
-1.46
-1.34
-1.23
-1.1
-0.98
-0.85
-0.71
-0.57
-0.42
-0.27
-0.11
0.06
0.23
0.4
0.57
0.75
0.92
1.09
1.25
1.41
1.56
1.69
1.81
1.91
1.99
2.05
2.09
2.11
2.11
2.08
2.02
1.95
1.85
1.72
1.58
1.43
1.26
1.09
0.91
0.74
0.57
0.4
0.24
0.09
-0.07
-0.22
-0.37
-0.53
-0.69
-0.85
-1.02
-1.19
-1.36
-1.52
-1.68
-1.82
-1.96
-2.07
-2.17
-2.24
-2.29
-2.32
-2.33
-2.31
-2.26
-2.19
-2.1
-1.98
-1.84
-1.68
-1.5
-1.31
-1.11
-0.9
-0.69
-0.49
-0.29
-0.11
0.07
0.24
0.4
0.55
0.69
0.83
0.97
1.1
1.23
1.35
1.47
1.58
1.69
1.79
1.89
1.97
2.03
2.08
2.11
2.11
2.09
2.05
1.98
1.9
1.8
1.69
1.57
1.43
1.29
1.14
0.98
0.81
0.63
0.45
0.26
0.06
-0.14
-0.34
-0.55
-0.75
-0.96
-1.15
-1.34
-1.51
-1.68
-1.83
-1.97
-2.09
-2.2
-2.29
-2.36
-2.42
-2.46
-2.47
-2.47
-2.44
-2.38
-2.31
-2.21
-2.1
-1.97
-1.83
-1.68
-1.53
-1.36
-1.19
-1.01
-0.83
-0.63
-0.43
-0.22
-0.01
0.2
0.42
0.63
0.84
1.05
1.24
1.43
1.6
1.77
1.91
2.04
2.15
2.23
2.29
2.32
2.32
2.29
2.22
2.13
2.01
1.86
1.7
1.51
1.32
1.12
0.91
0.71
0.5
0.3
0.1
-0.1
-0.3
-0.49
-0.67
-0.86
-1.04
-1.22
-1.39
-1.56
-1.72
-1.86
-2.0
-2.12
-2.22
-2.31
-2.37
-2.41
-2.43
-2.42
-2.38
-2.3
-2.2
-2.06
-1.9
-1.7
-1.48
-1.23
-0.96
-0.68
-0.4
-0.11
0.18
0.46
0.72
0.97
1.2
1.41
1.59
1.75
1.89
2.0
2.1
2.19
2.26
2.32
2.37
2.4
2.41
2.4
2.37
2.31
2.22
2.11
1.98
1.82
1.65
1.46
1.27
1.06
0.86
0.66
0.46
0.26
0.07
-0.13
-0.32
-0.51
-0.71
-0.9
-1.09
-1.27
-1.45
-1.61
-1.77
-1.9
-2.02
-2.11
-2.18
-2.23
-2.26
-2.27
-2.25
-2.22
-2.17
-2.11
-2.03
-1.94
-1.84
-1.72
-1.61
-1.48
-1.35
-1.22
-1.1
-0.97
-0.85
-0.73
-0.63
-0.52
-0.42
-0.33
-0.23
-0.14
-0.04
0.06
0.17
0.29
0.41
0.54
0.68
0.82
0.96
1.1
1.23
1.37
1.5
1.63
1.74
1.84
1.93
1.99
2.02
2.02
2.0
1.94
1.86
1.75
1.62
1.47
1.31
1.13
0.95
0.77
0.58
0.39
0.2
0.02
-0.17
-0.35
-0.54
-0.73
-0.91
-1.1
-1.28
-1.45
-1.61
-1.77
-1.91
-2.03
-2.14
-2.23
-2.3
-2.35
-2.38
-2.38
-2.36
-2.31
-2.24
-2.15
-2.03
-1.9
-1.75
-1.58
-1.41
-1.23
-1.05
-0.87
-0.68
-0.5
-0.32
-0.14
0.04
0.22
0.4
0.58
0.75
0.93
1.1
1.26
1.42
1.57
1.72
1.85
1.98
2.1
2.2
2.29
2.36
2.4
2.43
2.43
2.4
2.34
2.26
2.15
2.01
1.85
1.67
1.47
1.26
1.03
0.79
0.54
0.29
0.04
-0.21
-0.44
-0.66
-0.87
-1.07
-1.24
-1.39
-1.52
-1.64
-1.73
-1.8
-1.86
-1.9
-1.93
-1.94
-1.94
-1.93
-1.91
-1.88
-1.84
-1.79
-1.74
-1.67
-1.6
-1.52
-1.44
-1.34
-1.24
-1.14
-1.03
-0.91
-0.79
-0.66
-0.54
-0.4
-0.27
-0.13
0.01
0.15
0.29
0.43
0.58
0.72
0.85
0.97
1.08
1.18
1.28
1.36
1.44
1.52
1.59
1.65
1.71
1.76
1.79
1.81
1.79
1.76
1.69
1.6
1.49
1.36
1.21
1.05
0.88
0.71
0.54
0.37
0.2
0.04
-0.11
-0.26
-0.4
-0.53
-0.65
-0.77
-0.88
-0.98
-1.07
-1.15
-1.22
-1.28
-1.33
-1.38
-1.42
-1.45
-1.48
-1.5
-1.52
-1.53
-1.53
-1.52
-1.5
-1.46
-1.42
-1.36
-1.29
-1.22
-1.13
-1.04
-0.95
-0.86
-0.77
-0.68
-0.59
-0.51
-0.43
-0.34
-0.26
-0.17
-0.09
0.0
0.1
0.19
0.28
0.38
0.47
0.57
0.66
0.76
0.87
0.97
1.08
1.18
1.28
1.37
1.45
1.51
1.55
1.57
1.57
1.55
1.51
1.45
1.37
1.29
1.2
1.09
0.98
0.87
0.75
0.62
0.48
0.34
0.2
0.05
-0.1
-0.24
-0.38
-0.51
-0.64
-0.75
-0.85
-0.93
-1.01
-1.07
-1.12
-1.16
-1.19
-1.22
-1.24
-1.26
-1.27
-1.28
-1.29
-1.29
-1.29
-1.28
-1.26
-1.24
-1.22
-1.18
-1.14
-1.1
-1.05
-1.0
-0.94
-0.87
-0.8
-0.72
-0.64
-0.54
-0.44
-0.33
-0.22
-0.09
0.05
0.19
0.34
0.5
0.66
0.81
0.96
1.11
1.24
1.37
1.48
1.58
1.66
1.72
1.76
1.77
1.77
1.74
1.69
1.62
1.53
1.43
1.32
1.19
1.05
0.9
0.75
0.58
0.42
0.25
0.08
-0.09
-0.26
-0.42
-0.58
-0.74
-0.89
-1.03
-1.17
-1.29
-1.4
-1.49
-1.57
-1.63
-1.68
-1.72
-1.73
-1.74
-1.73
-1.71
-1.68
-1.64
-1.58
-1.52
-1.46
-1.38
-1.31
-1.23
-1.16
-1.08
-1.01
-0.94
-0.87
-0.8
-0.73
-0.66
-0.59
-0.52
-0.44
-0.35
-0.26
-0.16
-0.05
0.07
0.2
0.33
0.48
0.63
0.78
0.93
1.07
1.21
1.34
1.47
1.59
1.71
1.83
1.93
2.03
2.12
2.19
2.23
2.24
2.23
2.18
2.1
1.99
1.85
1.69
1.5
1.3
1.1
0.88
0.66
0.44
0.22
0.01
-0.19
-0.37
-0.54
-0.69
-0.82
-0.93
-1.01
-1.08
-1.12
-1.14
-1.14
-1.13
-1.11
-1.08
-1.04
-1.0
-0.95
-0.91
-0.86
-0.82
-0.77
-0.72
-0.67
-0.62
-0.57
-0.52
-0.47
-0.43
-0.38
-0.33
-0.29
-0.25
-0.21
-0.18
-0.15
-0.12
-0.1
-0.08
-0.07
-0.05
-0.04
-0.04
-0.03
-0.03
-0.04
-0.04
-0.05
-0.07
-0.08
-0.1
-0.12
-0.15
-0.17
-0.2
-0.24
-0.27
-0.31
-0.35
-0.39
-0.43
-0.47
-0.5
-0.53
-0.56
-0.57
-0.58
-0.59
-0.58
-0.57
-0.55
-0.52
-0.47
-0.43
-0.37
-0.31
-0.26
-0.2
-0.14
-0.09
-0.04
-0.0
0.03
0.06
0.09
0.11
0.13
0.15
0.17
0.19
0.21
0.24
0.27
0.3
0.33
0.36
0.39
0.42
0.44
0.46
0.47
0.47
0.46
0.44
0.42
0.38
0.34
0.29
0.24
0.18
0.12
0.05
-0.01
-0.07
-0.12
-0.17
-0.21
-0.24
-0.27
-0.29
-0.3
-0.3
-0.3
-0.29
-0.28
-0.27
-0.25
-0.24
-0.23
-0.21
-0.2
-0.2
-0.19
-0.18
-0.18
-0.17
-0.17
-0.16
-0.16
-0.15
-0.14
-0.12
-0.11
-0.1
-0.08
-0.06
-0.05
-0.03
-0.01
0.01
0.02
0.03
0.05
0.06
0.07
0.07
0.08
0.08
0.08
0.08
0.08
0.07
0.07
0.06
0.05
0.03
0.02
0.01
-0.01
-0.02
-0.04
-0.06
-0.08
-0.09
-0.11
-0.13
-0.14
-0.16
-0.17
-0.18
-0.19
-0.2
-0.21
-0.22
-0.22
-0.23
-0.23
-0.23
-0.23
-0.23
-0.23
-0.23
-0.22
-0.22
-0.21
-0.21
-0.2
-0.19
-0.18
-0.17
-0.16
-0.15
-0.14
-0.12
-0.11
-0.09
-0.07
-0.06
-0.04
-0.02
-0.0
0.01
0.03
0.04
0.05
0.06
0.06
0.07
0.07
0.07
0.07
0.06
0.06
0.05
0.04
0.03
0.01
0.0
-0.01
-0.03
-0.04
-0.06
-0.07
-0.08
-0.1
-0.11
-0.12
-0.12
-0.13
-0.13
-0.14
-0.14
-0.13
-0.13
-0.13
-0.12
-0.12
-0.11
-0.1
-0.09
-0.08
-0.06
-0.05
-0.04
-0.02
-0.01
0.01
0.02
0.03
0.04
0.05
0.06
0.07
0.07
0.07
0.07
0.06
0.06
0.05
0.04
0.04
0.03
0.02
0.01
-0.0
-0.01
-0.02
-0.03
-0.04
-0.05
-0.06
-0.07
-0.08
-0.09
-0.1
-0.1
-0.11
-0.11
-0.11
-0.11
-0.11
-0.11
-0.11
-0.1
-0.1
-0.09
-0.08
-0.08
-0.07
-0.06
-0.06
-0.05
-0.04
-0.04
-0.04
-0.03
-0.03
-0.03
-0.02
-0.02
-0.02
-0.02
-0.02
-0.02
-0.02
-0.02
-0.02
-0.03
-0.03
-0.03
-0.04
-0.04
-0.04
-0.05
-0.05
-0.06
-0.07
-0.07
-0.08
-0.08
-0.09
-0.1
-0.1
-0.11
-0.12
-0.13
-0.13
-0.14
-0.15
-0.15
-0.16
-0.16
-0.17
-0.17
-0.17
-0.17
-0.17
-0.16
-0.16
-0.15
-0.14
-0.13
-0.12
-0.11
-0.1
-0.09
-0.08
-0.07
-0.06
-0.05
-0.05
-0.04
-0.03
-0.02
-0.02
-0.01
-0.0
0.0
0.01
0.01
0.01
0.02
0.01
0.01
0.01
0.0
-0.0
-0.01
-0.01
-0.02
-0.03
-0.04
-0.04
-0.05
-0.06
-0.06
-0.07
-0.07
-0.08
-0.08
-0.09
-0.09
-0.09
-0.09
-0.1
-0.1
-0.1
-0.1
-0.1
-0.09
-0.09
-0.09
-0.09
-0.08
-0.08
-0.08
-0.07
-0.07
-0.06
-0.06
-0.06
-0.05
-0.05
-0.04
-0.04
-0.04
-0.03
-0.03
-0.03
-0.02
-0.02
-0.02
-0.02
-0.02
-0.02
-0.02
-0.02
-0.02
-0.02
-0.03
-0.03
-0.03
-0.03
-0.04
-0.04
-0.04
-0.05
-0.05
-0.05
-0.06
-0.06
-0.06
-0.06
-0.07
-0.07
-0.07
-0.07
-0.07
-0.07
-0.07
-0.08
-0.08
-0.08
-0.08
-0.08
-0.08
-0.08
-0.08
-0.09
-0.09
-0.09
-0.09
-0.08
-0.08
-0.08
-0.08
-0.08
-0.08
-0.08
-0.08
-0.07
-0.07
-0.07
-0.07
-0.07
-0.07
-0.08
-0.08
-0.08
-0.08
-0.08
-0.08
-0.07
-0.07
-0.07
-0.07
-0.07
-0.06
-0.06
-0.06
-0.06
-0.06
-0.06
-0.05
-0.05
-0.05
-0.05
-0.05
-0.05
-0.05
-0.05
-0.05
-0.04
-0.04
-0.04
-0.04
-0.04
-0.04
-0.04
-0.04
-0.05
-0.05
-0.05
-0.05
-0.05
-0.06
-0.06
-0.06
-0.06
-0.06
-0.06
-0.06
-0.06
-0.06
-0.05
-0.05
-0.04
-0.04
-0.04
-0.03
-0.03
-0.03
-0.03
-0.03
-0.03
-0.03
-0.03
-0.04
-0.04
-0.04
-0.05
-0.05
-0.05
-0.06
-0.06
-0.06
-0.06
-0.06
-0.06
-0.07
-0.07
-0.07
-0.07
-0.07
-0.07
-0.07
-0.07
-0.07
-0.07
-0.07
-0.06
-0.06
-0.06
-0.06
-0.06
-0.05
-0.05
-0.05
-0.05
-0.05
-0.05
-0.06
-0.06
-0.06
-0.07
-0.07
-0.08
-0.08
-0.09
-0.09
-0.1
-0.1
-0.1
-0.1
-0.1
-0.11
-0.11
-0.11
-0.11
-0.11
-0.11
-0.11
-0.11
-0.11
-0.1
-0.1
-0.1
-0.09
-0.09
-0.08
-0.07
-0.06
-0.05
-0.04
-0.03
-0.03
-0.02
-0.01
0.0
0.01
0.01
0.02
0.02
0.02
0.03
0.03
0.03
0.02
0.02
0.02
0.02
0.01
0.01
0.0
-0.01
-0.01
-0.02
-0.03
-0.04
-0.05
-0.06
-0.07
-0.08
-0.09
-0.1
-0.11
-0.12
-0.13
-0.14
-0.15
-0.16
-0.17
-0.17
-0.18
-0.18
-0.18
-0.18
-0.18
-0.18
-0.18
-0.18
-0.18
-0.18
-0.18
-0.18
-0.17
-0.17
-0.16
-0.15
-0.14
-0.13
-0.12
-0.11
-0.1
-0.08
-0.07
-0.05
-0.04
-0.02
-0.01
0.01
0.02
0.03
0.04
0.05
0.06
0.06
0.07
0.07
0.08
0.08
0.08
0.08
0.08
0.08
0.07
0.07
0.06
0.06
0.05
0.04
0.03
0.02
0.01
-0.01
-0.02
-0.04
-0.05
-0.07
-0.08
-0.1
-0.11
-0.13
-0.14
-0.15
-0.16
-0.17
-0.17
-0.18
-0.18
-0.18
-0.17
-0.17
-0.16
-0.15
-0.14
-0.13
-0.12
-0.11
-0.1
-0.09
-0.08
-0.06
-0.05
-0.04
-0.03
-0.02
-0.01
-0.0
0.01
0.01
0.02
0.02
0.03
0.03
0.03
0.03
0.02
0.02
0.01
0.01
0.0
-0.01
-0.02
-0.03
-0.04
-0.05
-0.06
-0.07
-0.08
-0.09
-0.1
-0.1
-0.11
-0.11
-0.12
-0.12
-0.12
-0.12
-0.11
-0.11
-0.11
-0.1
-0.09
-0.09
-0.08
-0.08
-0.07
-0.07
-0.07
-0.06
-0.06
-0.05
-0.05
-0.04
-0.04
-0.03
-0.03
-0.02
-0.02
-0.02
-0.01
-0.01
-0.01
-0.01
-0.01
-0.01
-0.01
-0.01
-0.01
-0.01
-0.02
-0.02
-0.02
-0.03
-0.03
-0.03
-0.03
-0.04
-0.04
-0.04
-0.04
-0.05
