0.04
0.04
0.03
0.02
0.01
0.0
-0.01
-0.02
-0.03
-0.04
-0.05
-0.05
-0.06
-0.07
-0.08
-0.08
-0.08
-0.08
-0.08
-0.08
-0.08
-0.07
-0.07
-0.06
-0.05
-0.05
-0.04
-0.03
-0.02
-0.01
0.0
0.01
0.02
0.02
0.03
0.03
0.03
0.04
0.04
0.04
0.04
0.04
0.05
0.05
0.05
0.05
0.05
0.05
0.05
0.05
0.04
0.04
0.04
0.03
0.02
0.02
0.01
0.0
-0.0
-0.01
-0.02
-0.03
-0.04
-0.04
-0.05
-0.05
-0.06
-0.06
-0.06
-0.06
-0.06
-0.06
-0.06
-0.06
-0.06
-0.06
-0.06
-0.06
-0.05
-0.05
-0.05
-0.05
-0.05
-0.05
-0.05
-0.04
-0.04
-0.03
-0.03
-0.02
-0.01
-0.01
0.0
0.01
0.02
0.03
0.03
0.04
0.05
0.05
0.06
0.06
0.07
0.08
0.08
0.08
0.09
0.09
0.09
0.09
0.09
0.09
0.09
0.08
0.08
0.07
0.07
0.06
0.05
0.04
0.03
0.02
0.01
-0.0
-0.01
-0.03
-0.04
-0.05
-0.06
-0.07
-0.08
-0.09
-0.1
-0.11
-0.11
-0.12
-0.12
-0.13
-0.13
-0.13
-0.13
-0.13
-0.12
-0.12
-0.12
-0.11
-0.11
-0.1
-0.09
-0.08
-0.07
-0.06
-0.05
-0.04
-0.03
-0.02
-0.0
0.01
0.02
0.03
0.05
0.06
0.07
0.07
0.08
0.09
0.09
0.09
0.09
0.09
0.08
0.08
0.07
0.06
0.05
0.04
0.03
0.02
0.01
-0.0
-0.01
-0.02
-0.03
-0.04
-0.05
-0.06
-0.06
-0.07
-0.07
-0.07
-0.08
-0.08
-0.08
-0.08
-0.08
-0.08
-0.08
-0.07
-0.07
-0.07
-0.07
-0.07
-0.07
-0.07
-0.07
-0.07
-0.06
-0.06
-0.06
-0.06
-0.06
-0.06
-0.06
-0.06
-0.05
-0.05
-0.05
-0.05
-0.04
-0.03
-0.03
-0.02
-0.01
-0.0
0.01
0.02
0.03
0.03
0.04
0.04
0.05
0.05
0.04
0.04
0.03
0.02
0.01
-0.0
-0.02
-0.04
-0.07
-0.1
-0.14
-0.18
-0.22
-0.26
-0.3
-0.34
-0.37
-0.4
-0.42
-0.43
-0.45
-0.46
-0.46
-0.47
-0.48
-0.49
-0.49
-0.5
-0.5
-0.51
-0.5
-0.49
-0.47
-0.45
-0.42
-0.38
-0.34
-0.29
-0.24
-0.19
-0.14
-0.08
-0.03
0.02
0.06
0.1
0.12
0.14
0.15
0.15
0.15
0.13
0.11
0.09
0.07
0.04
0.02
0.0
-0.01
-0.02
-0.03
-0.03
-0.02
-0.01
0.01
0.03
0.06
0.09
0.13
0.17
0.21
0.26
0.31
0.35
0.4
0.45
0.51
0.56
0.63
0.69
0.76
0.83
0.89
0.96
1.02
1.08
1.12
1.16
1.18
1.2
1.21
1.22
1.22
1.22
1.21
1.2
1.19
1.18
1.15
1.12
1.07
1.0
0.92
0.83
0.72
0.61
0.49
0.37
0.25
0.14
0.03
-0.07
-0.15
-0.23
-0.3
-0.36
-0.42
-0.48
-0.52
-0.57
-0.62
-0.66
-0.71
-0.76
-0.81
-0.86
-0.92
-0.98
-1.05
-1.12
-1.19
-1.26
-1.32
-1.38
-1.43
-1.47
-1.49
-1.51
-1.5
-1.48
-1.45
-1.4
-1.33
-1.24
-1.14
-1.02
-0.88
-0.74
-0.58
-0.41
-0.24
-0.06
0.13
0.31
0.48
0.66
0.82
0.98
1.12
1.24
1.35
1.44
1.51
1.56
1.59
1.6
1.6
1.58
1.55
1.51
1.46
1.39
1.31
1.22
1.12
1.0
0.86
0.71
0.54
0.37
0.19
0.02
-0.15
-0.32
-0.47
-0.6
-0.72
-0.82
-0.9
-0.98
-1.04
-1.1
-1.16
-1.21
-1.26
-1.3
-1.34
-1.37
-1.4
-1.42
-1.43
-1.43
-1.43
-1.41
-1.39
-1.35
-1.31
-1.26
-1.19
-1.11
-1.03
-0.93
-0.81
-0.69
-0.56
-0.43
-0.28
-0.14
0.01
0.17
0.33
0.48
0.64
0.8
0.95
1.09
1.23
1.34
1.45
1.53
1.6
1.64
1.67
1.68
1.67
1.65
1.61
1.56
1.48
1.4
1.29
1.18
1.05
0.92
0.78
0.65
0.51
0.38
0.24
0.12
-0.01
-0.13
-0.26
-0.38
-0.5
-0.63
-0.75
-0.88
-1.0
-1.12
-1.23
-1.34
-1.43
-1.52
-1.59
-1.65
-1.69
-1.71
-1.73
-1.72
-1.7
-1.67
-1.62
-1.56
-1.49
-1.4
-1.31
-1.2
-1.09
-0.97
-0.84
-0.71
-0.57
-0.43
-0.29
-0.14
0.01
0.17
0.32
0.47
0.63
0.77
0.92
1.05
1.18
1.29
1.4
1.49
1.57
1.64
1.69
1.72
1.74
1.74
1.72
1.68
1.63
1.55
1.45
1.33
1.19
1.03
0.87
0.69
0.51
0.33
0.16
-0.0
-0.15
-0.29
-0.42
-0.54
-0.65
-0.76
-0.86
-0.96
-1.06
-1.16
-1.25
-1.34
-1.42
-1.49
-1.55
-1.6
-1.64
-1.67
-1.68
-1.68
-1.67
-1.64
-1.59
-1.52
-1.44
-1.34
-1.22
-1.09
-0.96
-0.82
-0.68
-0.54
-0.41
-0.28
-0.16
-0.05
0.06
0.17
0.28
0.39
0.49
0.59
0.68
0.78
0.86
0.94
1.02
1.1
1.17
1.24
1.3
1.36
1.4
1.43
1.46
1.46
1.46
1.44
1.4
1.35
1.29
1.21
1.13
1.03
0.93
0.82
0.7
0.57
0.44
0.3
0.16
0.02
-0.12
-0.25
-0.38
-0.5
-0.61
-0.71
-0.8
-0.87
-0.94
-0.99
-1.04
-1.07
-1.11
-1.13
-1.15
-1.17
-1.18
-1.19
-1.18
-1.17
-1.16
-1.13
-1.09
-1.04
-0.99
-0.92
-0.85
-0.77
-0.67
-0.57
-0.45
-0.33
-0.2
-0.07
0.07
0.21
0.34
0.48
0.6
0.73
0.86
0.98
1.11
1.24
1.36
1.48
1.59
1.68
1.75
1.8
1.81
1.8
1.75
1.68
1.58
1.46
1.32
1.16
1.0
0.82
0.64
0.46
0.27
0.08
-0.11
-0.3
-0.48
-0.66
-0.84
-1.01
-1.17
-1.33
-1.48
-1.62
-1.75
-1.88
-1.99
-2.1
-2.19
-2.27
-2.33
-2.37
-2.39
-2.4
-2.38
-2.34
-2.27
-2.19
-2.09
-1.96
-1.83
-1.68
-1.52
-1.36
-1.19
-1.02
-0.84
-0.67
-0.5
-0.32
-0.15
0.03
0.21
0.38
0.56
0.74
0.92
1.09
1.27
1.45
1.63
1.81
1.99
2.15
2.3
2.44
2.55
2.63
2.67
2.69
2.67
2.62
2.54
2.43
2.3
2.15
1.99
1.82
1.65
1.47
1.3
1.13
0.96
0.78
0.61
0.43
0.25
0.06
-0.12
-0.31
-0.5
-0.68
-0.86
-1.03
-1.19
-1.34
-1.47
-1.59
-1.7
-1.79
-1.86
-1.91
-1.94
-1.95
-1.94
-1.91
-1.85
-1.78
-1.69
-1.58
-1.45
-1.31
-1.15
-0.98
-0.81
-0.63
-0.45
-0.27
-0.09
0.08
0.24
0.39
0.52
0.65
0.76
0.86
0.94
1.01
1.06
1.11
1.15
1.18
1.21
1.24
1.27
1.29
1.3
1.3
1.29
1.27
1.22
1.15
1.07
0.96
0.84
0.7
0.55
0.38
0.22
0.04
-0.13
-0.3
-0.46
-0.61
-0.76
-0.89
-1.01
-1.12
-1.22
-1.31
-1.38
-1.44
-1.49
-1.53
-1.56
-1.57
-1.58
-1.59
-1.59
-1.59
-1.58
-1.57
-1.55
-1.53
-1.5
-1.46
-1.41
-1.35
-1.28
-1.2
-1.11
-1.01
-0.91
-0.8
-0.69
-0.58
-0.47
-0.36
-0.25
-0.13
-0.02
0.1
0.22
0.34
0.46
0.58
0.69
0.8
0.9
1.01
1.11
1.21
1.3
1.4
1.49
1.58
1.67
1.74
1.8
1.84
1.87
1.88
1.87
1.85
1.8
1.74
1.67
1.58
1.47
1.35
1.23
1.09
0.95
0.8
0.65
0.51
0.36
0.21
0.07
-0.06
-0.19
-0.32
-0.44
-0.56
-0.67
-0.78
-0.89
-0.99
-1.08
-1.17
-1.25
-1.33
-1.4
-1.46
-1.51
-1.55
-1.59
-1.6
-1.61
-1.61
-1.59
-1.56
-1.52
-1.47
-1.41
-1.35
-1.28
-1.19
-1.1
-0.99
-0.87
-0.72
-0.56
-0.38
-0.17
0.04
0.27
0.51
0.75
0.99
1.22
1.44
1.64
1.83
2.0
2.14
2.25
2.34
2.39
2.4
2.39
2.34
2.25
2.14
2.0
1.84
1.65
1.46
1.25
1.04
0.84
0.63
0.43
0.23
0.04
-0.14
-0.32
-0.49
-0.67
-0.85
-1.02
-1.21
-1.39
-1.57
-1.75
-1.92
-2.08
-2.22
-2.35
-2.46
-2.54
-2.6
-2.63
-2.63
-2.61
-2.56
-2.48
-2.37
-2.24
-2.09
-1.91
-1.72
-1.52
-1.3
-1.08
-0.85
-0.62
-0.39
-0.15
0.08
0.3
0.52
0.73
0.92
1.11
1.28
1.42
1.55
1.66
1.76
1.83
1.89
1.93
1.95
1.96
1.95
1.93
1.88
1.82
1.73
1.63
1.52
1.39
1.26
1.12
0.98
0.85
0.71
0.59
0.46
0.34
0.22
0.1
-0.02
-0.15
-0.28
-0.41
-0.55
-0.67
-0.79
-0.9
-0.99
-1.06
-1.12
-1.17
-1.2
-1.21
-1.22
-1.22
-1.2
-1.19
-1.16
-1.13
-1.08
-1.04
-0.98
-0.92
-0.86
-0.79
-0.73
-0.67
-0.61
-0.55
-0.51
-0.47
-0.43
-0.4
-0.37
-0.34
-0.31
-0.27
-0.23
-0.17
-0.1
-0.03
0.07
0.17
0.28
0.39
0.51
0.63
0.75
0.88
1.0
1.13
1.26
1.39
1.51
1.63
1.73
1.81
1.87
1.91
1.91
1.88
1.83
1.74
1.63
1.49
1.34
1.18
1.01
0.83
0.66
0.48
0.31
0.14
-0.03
-0.19
-0.36
-0.52
-0.68
-0.83
-0.98
-1.12
-1.25
-1.36
-1.47
-1.56
-1.64
-1.7
-1.76
-1.79
-1.82
-1.84
-1.85
-1.85
-1.83
-1.81
-1.78
-1.74
-1.69
-1.63
-1.57
-1.5
-1.43
-1.35
-1.27
-1.19
-1.11
-1.03
-0.95
-0.86
-0.76
-0.66
-0.55
-0.42
-0.29
-0.15
0.01
0.17
0.34
0.51
0.68
0.85
1.01
1.17
1.32
1.45
1.58
1.69
1.78
1.87
1.94
2.0
2.04
2.06
2.07
2.05
2.01
1.94
1.85
1.74
1.6
1.45
1.29
1.11
0.94
0.77
0.61
0.46
0.32
0.18
0.06
-0.06
-0.18
-0.29
-0.4
-0.5
-0.58
-0.66
-0.72
-0.77
-0.79
-0.8
-0.79
-0.76
-0.72
-0.67
-0.62
-0.57
-0.51
-0.46
-0.4
-0.36
-0.31
-0.27
-0.23
-0.19
-0.16
-0.14
-0.13
-0.12
-0.12
-0.13
-0.15
-0.17
-0.19
-0.21
-0.24
-0.27
-0.29
-0.32
-0.35
-0.37
-0.39
-0.42
-0.44
-0.46
-0.48
-0.5
-0.52
-0.54
-0.55
-0.56
-0.57
-0.57
-0.58
-0.58
-0.58
-0.57
-0.56
-0.55
-0.54
-0.52
-0.49
-0.46
-0.42
-0.38
-0.32
-0.26
-0.2
-0.13
-0.06
0.01
0.08
0.15
0.22
0.28
0.34
0.39
0.43
0.47
0.49
0.5
0.51
0.5
0.48
0.46
0.43
0.39
0.35
0.3
0.25
0.2
0.15
0.1
0.06
0.03
-0.0
-0.02
-0.04
-0.05
-0.05
-0.05
-0.04
-0.02
-0.0
0.02
0.04
0.07
0.09
0.12
0.14
0.17
0.19
0.2
0.22
0.23
0.24
0.24
0.24
0.24
0.23
0.22
0.21
0.19
0.18
0.16
0.14
0.11
0.09
0.06
0.04
0.01
-0.02
-0.05
-0.07
-0.1
-0.12
-0.14
-0.16
-0.17
-0.18
-0.18
-0.18
-0.18
-0.17
-0.16
-0.15
-0.14
-0.12
-0.11
-0.1
-0.09
-0.07
-0.06
-0.05
-0.04
-0.04
-0.03
-0.02
-0.02
-0.01
-0.01
-0.0
0.0
0.0
0.0
0.0
0.0
-0.0
-0.01
-0.02
-0.03
-0.04
-0.05
-0.06
-0.07
-0.08
-0.08
-0.09
-0.09
-0.09
-0.09
-0.09
-0.08
-0.07
-0.07
-0.06
-0.04
-0.03
-0.02
-0.01
-0.0
0.01
0.02
0.02
0.03
0.03
0.03
0.04
0.04
0.04
0.04
0.03
0.03
0.03
0.02
0.02
0.02
0.01
0.0
-0.0
-0.0
-0.01
-0.01
-0.01
-0.01
-0.01
-0.01
-0.01
-0.01
-0.01
-0.02
-0.02
-0.02
-0.02
-0.03
-0.03
-0.03
-0.03
-0.04
-0.04
-0.04
-0.04
-0.03
-0.03
-0.02
-0.02
-0.01
-0.0
0.0
0.01
0.01
0.01
0.01
0.01
0.01
-0.0
-0.01
-0.02
-0.03
-0.04
-0.05
-0.06
-0.07
-0.08
-0.08
-0.09
-0.1
-0.1
-0.1
-0.11
-0.11
-0.11
-0.11
-0.11
-0.1
-0.1
-0.09
-0.08
-0.08
-0.07
-0.06
-0.05
-0.04
-0.03
-0.02
-0.01
0.0
0.01
0.02
0.03
0.04
0.04
0.05
0.06
0.06
0.06
0.07
0.07
0.07
0.07
0.07
0.06
0.06
0.05
0.04
0.04
0.03
0.02
0.01
-0.0
-0.01
-0.02
-0.03
-0.04
-0.05
-0.06
-0.07
-0.08
-0.08
-0.08
-0.09
-0.09
-0.09
-0.09
-0.08
-0.08
-0.07
-0.06
-0.05
-0.04
-0.03
-0.02
-0.01
-0.0
0.01
0.02
0.03
0.04
0.05
0.07
0.08
0.09
0.09
0.1
0.1
0.1
0.1
0.1
0.1
0.09
0.08
0.07
0.06
0.05
0.04
0.03
0.01
-0.0
-0.02
-0.04
-0.06
-0.08
-0.09
-0.11
-0.13
-0.14
-0.15
-0.15
-0.16
-0.16
-0.15
-0.15
-0.14
-0.13
-0.11
-0.1
-0.08
-0.07
-0.05
-0.04
-0.03
-0.02
-0.01
-0.0
0.0
0.0
0.01
0.01
0.01
0.01
0.01
0.01
0.01
0.01
0.01
0.01
0.02
0.02
0.02
0.03
0.04
0.04
0.05
0.05
0.06
0.06
0.07
0.07
0.08
0.09
0.09
0.09
0.1
0.1
0.1
0.11
0.11
0.1
0.1
0.1
0.09
0.08
0.08
0.07
0.06
0.05
0.03
0.02
0.01
-0.0
-0.02
-0.03
-0.04
-0.05
-0.06
-0.07
-0.08
-0.09
-0.1
-0.11
-0.12
-0.13
-0.14
-0.15
-0.16
-0.16
-0.17
-0.17
-0.17
-0.16
-0.16
-0.15
-0.15
-0.14
-0.13
-0.13
-0.12
-0.11
-0.1
-0.09
-0.07
-0.06
-0.05
-0.03
-0.02
-0.0
0.01
0.02
0.04
0.05
0.06
0.07
0.08
0.08
0.09
0.1
0.1
0.11
0.11
0.11
0.11
0.1
0.1
0.09
0.08
0.07
0.06
0.05
0.04
0.02
0.01
-0.01
-0.02
-0.04
-0.05
-0.06
-0.08
-0.09
-0.1
-0.11
-0.12
-0.12
-0.13
-0.13
-0.13
-0.13
-0.13
-0.13
-0.12
-0.12
-0.11
-0.1
-0.09
-0.08
-0.07
-0.06
-0.05
-0.04
-0.03
-0.02
-0.01
-0.0
0.01
0.02
0.03
0.03
0.04
0.05
0.05
0.05
0.06
0.06
0.06
0.06
0.05
0.05
0.05
0.04
0.04
0.03
0.02
0.02
0.01
0.01
0.0
-0.0
-0.0
-0.01
-0.01
-0.01
-0.02
-0.02
-0.02
-0.02
-0.02
-0.02
-0.02
-0.01
-0.01
-0.01
-0.01
-0.0
-0.0
-0.0
-0.0
-0.01
-0.01
-0.01
-0.01
-0.02
-0.02
-0.02
-0.02
-0.03
-0.03
-0.03
-0.03
-0.03
-0.03
-0.03
-0.03
-0.03
-0.02
-0.02
-0.02
-0.01
-0.01
-0.01
-0.0
0.0
0.0
0.01
0.01
0.01
0.01
0.01
0.01
0.01
0.01
0.0
0.0
-0.0
-0.0
-0.01
-0.01
-0.01
-0.01
-0.01
-0.01
-0.01
-0.01
-0.01
-0.01
-0.01
-0.01
-0.01
-0.01
-0.01
-0.01
-0.01
-0.01
-0.01
-0.01
-0.01
-0.01
-0.01
-0.01
-0.01
-0.0
-0.0
0.0
0.0
0.01
0.01
0.01
0.02
0.02
0.02
0.02
0.03
0.03
0.03
0.02
0.02
0.02
0.01
0.01
0.0
-0.0
-0.01
-0.02
-0.02
-0.03
-0.03
-0.04
-0.04
-0.05
-0.05
-0.05
-0.05
-0.06
-0.06
-0.06
-0.06
-0.06
-0.05
-0.05
-0.05
-0.04
-0.04
-0.03
-0.03
-0.02
-0.02
-0.01
-0.01
0.0
0.01
0.02
0.02
0.03
0.04
0.05
0.06
0.06
0.07
0.08
0.08
0.09
0.09
0.09
0.09
0.09
0.09
0.09
0.08
0.07
0.06
0.05
0.04
0.03
0.02
0.01
0.0
-0.01
-0.02
-0.02
-0.03
-0.04
-0.05
-0.05
-0.06
-0.06
-0.06
-0.07
-0.07
-0.07
-0.07
-0.07
-0.07
-0.07
-0.07
-0.06
-0.06
-0.06
-0.06
-0.06
-0.05
-0.05
-0.05
-0.04
-0.04
-0.03
-0.02
-0.01
-0.01
0.0
0.01
0.02
0.03
0.03
0.04
0.04
0.04
0.04
0.05
0.05
0.04
0.04
0.04
0.04
0.04
0.03
0.03
0.03
0.02
0.02
0.01
0.01
0.01
0.0
-0.0
-0.01
-0.01
-0.02
-0.02
-0.03
-0.03
-0.03
-0.04
-0.04
-0.04
-0.04
-0.05
-0.05
-0.05
-0.05
-0.05
-0.05
-0.05
-0.05
-0.05
-0.05
-0.05
-0.05
-0.04
-0.04
-0.04
-0.04
-0.03
-0.03
-0.02
-0.02
-0.02
-0.01
-0.01
-0.01
-0.01
-0.01
-0.01
-0.01
-0.01
-0.02
-0.02
-0.02
-0.02
-0.02
-0.03
-0.03
-0.03
-0.03
-0.04
-0.04
-0.04
-0.04
-0.05
-0.05
-0.05
-0.05
-0.06
-0.06
-0.06
-0.06
-0.06
