1.55
1.38
2.72
2.15
1.61
1.6
1.67
0.8
-0.41
-1.37
-0.35
-0.05
-0.19
-0.32
-0.47
-0.85
-2.2
-2.03
-2.0
-1.91
-1.0
-0.44
0.55
1.46
1.16
0.59
0.3
0.43
0.06
1.5
2.8
3.12
3.6
4.13
4.77
4.44
1.04
-0.57
-1.14
-1.09
-1.46
-1.92
-2.18
-1.82
-1.17
-1.86
-2.04
-1.63
-1.31
-1.52
-0.95
-0.34
-0.12
0.14
0.54
0.56
1.25
2.3
4.93
4.38
2.38
2.24
3.06
3.19
1.81
0.05
-1.63
-1.23
-0.55
-0.35
-0.65
-2.28
-2.78
-3.44
-3.91
-3.94
-2.66
-1.37
0.05
0.9
1.11
0.53
0.57
0.84
1.67
2.21
2.83
4.18
5.51
6.51
5.17
2.24
-0.62
-1.05
-0.86
-1.76
-2.31
-1.76
-1.63
-2.15
-2.02
-1.65
-1.17
-0.61
-0.49
-0.61
-0.22
-0.43
-0.41
0.64
2.42
3.28
3.12
2.7
3.43
3.72
1.7
-0.6
-1.99
-2.34
-1.88
-0.17
0.66
0.6
-0.46
-1.16
-1.79
-1.84
-1.9
-1.64
-1.35
-1.05
-0.17
-0.05
0.46
0.14
0.02
0.59
1.19
2.54
2.78
3.69
5.08
2.85
-0.32
-2.18
-1.74
-0.7
0.03
-1.0
-2.31
-2.75
-2.31
-1.34
-0.68
-0.4
0.01
0.18
0.56
0.26
0.25
1.37
2.53
3.41
3.58
4.21
4.13
2.45
0.24
-1.59
-1.31
-0.47
0.9
0.96
-1.04
-2.72
-3.03
-2.55
-2.18
-2.12
-2.05
-1.61
-0.75
-0.12
0.48
0.48
0.34
1.1
2.25
3.89
6.0
6.26
5.38
2.02
-0.94
-2.49
-2.34
-2.25
-2.98
-3.01
-2.88
-1.92
-1.39
-1.47
-1.58
-1.07
-0.02
0.8
1.4
2.03
2.42
3.09
3.49
3.02
2.23
2.91
3.7
2.18
-0.13
-2.07
-2.41
-1.8
-0.52
-0.47
-0.99
-2.3
-2.73
-2.45
-1.95
-1.56
-0.39
0.11
0.51
0.96
1.09
1.0
0.43
0.54
1.46
3.19
5.0
6.52
5.87
2.6
-0.58
-2.15
-2.97
-3.19
-2.84
-2.62
-2.32
-2.03
-1.66
-0.93
-0.26
0.2
-0.16
-0.45
-0.71
-0.61
0.06
0.76
2.18
2.96
4.02
4.66
4.35
2.1
0.06
-1.22
-1.48
-0.31
0.75
0.35
-0.89
-2.51
-2.58
-2.29
-2.21
-1.94
-1.13
-0.38
0.07
0.41
0.82
0.48
0.59
0.81
1.35
2.61
4.08
6.65
6.57
3.96
-2.02
-4.14
-3.64
-2.69
-1.55
0.38
1.11
0.76
-0.53
-1.37
-1.75
-1.69
-1.71
-1.69
-1.45
-0.7
-0.23
0.12
1.89
2.71
3.43
4.94
4.89
2.0
-0.38
-1.5
-1.19
0.05
0.9
-0.21
-1.55
-2.62
-2.6
-1.93
0.01
0.72
0.72
-0.49
-0.6
0.25
0.33
0.27
-0.73
-1.42
-0.95
1.14
3.38
6.19
5.26
3.42
1.11
-0.24
-1.91
-2.62
-1.67
-0.55
-0.41
-0.3
-0.26
-0.78
-0.99
-1.12
-1.11
-0.94
-1.04
-1.12
-0.99
-0.84
-0.72
-0.43
1.18
2.77
2.37
1.82
2.88
4.35
4.21
2.28
0.02
-1.27
-0.55
-0.01
0.61
0.44
-1.22
-2.27
-2.52
-2.28
-2.44
-2.4
-1.78
-1.32
-0.32
0.44
1.15
1.59
0.92
0.49
0.48
0.72
2.04
3.93
5.64
5.4
4.36
2.0
-2.55
-3.47
-2.99
-2.54
-1.96
-1.76
-1.27
-1.27
-0.9
-0.67
-0.38
-0.14
-0.4
-0.84
-0.8
-0.58
-0.27
0.96
3.13
4.23
4.67
5.28
4.84
3.23
-0.73
-2.23
-2.08
-1.25
-0.49
0.44
-0.08
-1.52
-2.0
-1.84
-1.79
-1.82
-1.81
-1.44
-1.16
-0.23
0.8
1.53
1.66
1.47
1.73
4.18
5.57
5.45
2.79
-0.44
-4.33
-4.17
-2.87
-1.16
-0.79
-0.05
-0.28
-0.32
-0.5
-0.76
-0.52
-0.15
0.01
-0.17
-0.82
-1.32
-1.19
-0.51
0.77
2.31
2.97
3.47
3.35
3.55
3.12
1.94
0.36
-0.85
-0.42
0.03
0.19
-0.34
-1.99
-2.12
-2.24
-2.51
-2.32
-1.74
-1.27
-1.18
-0.52
0.01
0.92
1.28
1.82
3.49
4.78
6.86
8.06
7.01
0.55
-3.19
-5.07
-3.42
-2.68
-3.23
-2.57
-1.02
-0.44
-0.65
0.11
0.31
-0.07
-0.51
-1.45
-1.39
-0.67
-0.23
0.38
2.39
4.53
5.75
5.76
5.11
3.48
1.32
-0.89
-2.4
-2.86
-2.41
-1.19
-0.5
0.41
-0.53
-1.76
-2.56
-2.61
-2.84
-1.88
-1.04
-0.13
0.51
0.79
1.45
1.66
1.71
2.29
2.94
4.58
5.96
6.56
3.97
0.17
-4.3
-4.74
-3.86
-1.41
-0.51
-0.52
-0.73
-1.45
-1.67
-1.59
-1.07
-0.54
-0.01
0.21
0.05
-0.23
-0.05
0.68
1.34
1.73
2.45
2.83
2.67
1.22
-0.64
-0.49
0.08
1.05
1.37
1.14
0.22
-0.97
-1.59
-1.11
-0.57
-0.09
-0.22
-0.55
-0.45
0.0
0.46
0.43
0.09
-0.27
-0.34
-0.26
-0.01
0.5
0.8
1.31
1.83
1.89
1.03
0.14
-0.12
0.03
-0.25
-0.58
-0.33
-0.09
0.29
0.79
0.37
0.11
0.02
0.05
-0.27
-0.36
-0.06
0.16
0.47
0.49
0.87
1.09
0.9
0.39
0.45
-0.04
-0.13
-0.4
-0.9
-1.06
-0.99
-0.42
0.03
0.27
0.53
0.32
-0.2
-0.41
-0.42
-0.45
-0.66
-1.12
-0.93
-0.93
-0.02
0.71
0.93
1.0
1.0
0.95
0.91
0.79
0.45
0.1
0.1
-0.01
-0.28
-0.52
-0.69
-0.49
-0.19
-0.01
-0.09
-0.02
0.65
1.46
2.5
2.39
1.41
1.05
1.97
3.28
3.41
1.71
-0.1
-1.21
-2.17
-2.06
-1.51
-1.11
0.38
2.91
2.37
0.2
-2.88
-3.48
-3.03
-2.38
-1.52
-0.64
-0.07
0.08
1.25
0.74
0.3
0.22
0.75
2.28
4.13
4.64
3.54
1.58
-1.69
-1.72
-0.63
0.68
0.82
0.11
-1.49
-2.06
-2.44
-2.2
-1.79
-1.09
-0.65
-0.2
0.25
0.37
0.96
0.93
1.55
2.92
2.87
1.95
2.17
2.59
1.93
0.89
-0.09
0.89
1.18
1.96
1.17
-0.37
-2.2
-2.96
-2.99
-2.45
-1.92
-1.35
-1.05
-1.17
-1.03
-0.69
-0.31
-0.58
-0.63
0.92
2.17
4.17
6.25
5.87
4.05
-0.05
-2.57
-2.99
-1.91
-1.12
-0.86
-1.36
-1.59
-1.76
-1.72
-1.21
-0.93
-0.72
-0.08
0.72
0.71
0.46
0.72
2.29
2.85
3.17
4.06
4.46
4.4
1.89
0.11
-1.14
-0.83
-0.13
-0.05
-0.48
-1.45
-3.13
-3.08
-1.79
-1.74
-1.65
-0.84
-0.28
0.05
0.48
0.16
-0.02
0.23
0.31
1.75
5.36
4.11
1.48
-0.93
-1.83
-0.93
0.4
0.48
-0.45
-1.42
-1.79
-1.95
-1.58
-1.19
-0.36
0.41
0.43
0.54
0.55
1.77
0.24
-0.29
1.26
1.84
2.22
2.49
2.53
1.23
-0.33
-1.39
-1.05
0.6
1.96
2.01
0.13
-1.63
-3.11
-3.18
-2.79
-1.52
-0.91
0.46
1.3
1.26
0.21
-0.36
-0.26
-0.03
-0.27
0.55
1.75
3.02
5.07
5.53
4.57
2.79
0.09
-1.55
-1.49
-1.07
-0.95
-0.93
-1.91
-1.95
-2.18
-1.74
-1.46
-1.1
-0.85
-0.42
-0.03
-0.18
-0.24
-0.24
0.26
0.76
1.45
1.88
3.5
4.16
3.96
2.72
1.02
-0.62
-2.36
-2.33
-2.43
-2.37
-1.85
-1.08
-1.09
-1.08
-1.0
-0.75
-0.45
-0.56
-0.12
0.66
1.03
1.16
1.72
1.58
1.11
1.11
1.96
4.23
4.3
4.34
3.1
1.23
-0.67
-2.41
-3.85
-2.28
-1.61
-0.82
-1.4
-1.82
-1.38
-1.21
-1.25
-0.78
-0.36
0.26
0.07
0.44
1.79
2.28
2.6
4.26
5.15
5.8
4.45
1.55
-1.94
-1.79
-0.87
-0.06
1.55
2.09
1.09
-0.14
-1.32
-1.89
-2.44
-3.5
-4.01
-3.97
-3.64
-2.79
-0.47
1.79
3.08
2.83
2.81
4.08
5.34
7.26
6.28
2.55
-0.47
-2.32
-1.9
-1.91
-2.21
-2.81
-3.8
-4.24
-3.72
-2.67
-1.13
-0.08
0.33
0.67
1.2
0.71
2.2
3.43
3.66
2.33
1.81
1.97
2.92
2.7
-0.24
-1.51
-1.57
0.23
1.22
1.18
-0.22
-1.39
-1.72
-2.01
-2.34
-2.07
-1.96
-1.58
-0.54
-0.76
-0.97
-0.41
0.41
1.43
1.34
1.04
1.67
3.36
6.76
8.0
6.39
0.07
-2.22
-2.82
-1.97
-1.49
-1.34
-1.14
-1.02
-1.47
-1.84
-1.96
-1.33
-0.7
1.09
1.39
1.3
0.64
0.13
0.78
1.13
1.33
1.52
2.69
3.24
2.16
0.77
0.19
0.78
0.83
0.88
0.67
0.63
-0.06
-1.01
-2.48
-3.11
-2.89
-1.86
-0.82
-0.27
-0.36
0.05
0.89
0.61
0.32
0.93
1.59
3.94
4.24
4.21
3.69
0.75
-1.31
-2.46
-1.96
-1.09
-1.38
-1.53
-1.68
-1.66
-1.77
-0.43
0.01
-0.17
-0.45
-0.72
-0.47
0.1
-0.55
1.1
2.61
3.85
3.56
3.22
2.82
1.8
0.09
-1.57
-1.59
-1.35
-0.58
0.02
0.3
-0.7
-2.37
-3.3
-3.17
-2.34
-1.75
-1.07
-0.3
0.03
0.42
1.24
1.27
2.14
3.64
4.82
6.91
7.7
6.87
1.8
-1.64
-3.72
-3.51
-3.05
-2.78
-2.63
-2.23
-2.06
-1.9
-1.67
-1.22
-0.35
0.3
0.03
0.0
0.07
0.48
0.62
1.71
2.84
3.88
4.23
4.05
3.57
2.21
-0.97
-1.99
-1.9
0.61
1.2
1.31
-0.66
-2.44
-3.73
-4.04
-3.36
-2.26
-1.72
-0.47
0.18
0.7
1.31
1.77
1.95
0.59
1.04
2.35
3.18
4.04
3.73
4.32
3.34
-1.2
-2.69
-2.93
-2.13
-1.36
-0.32
-0.35
-0.96
-1.98
-2.03
-1.34
-0.72
-0.29
0.19
0.39
0.41
0.45
0.96
2.27
3.33
3.25
1.78
1.03
0.95
1.38
1.19
-0.12
-0.92
-1.11
-0.5
-0.14
0.43
0.83
0.5
-0.94
-1.74
-2.06
-2.07
-1.84
-1.55
-0.96
-0.43
0.63
1.38
1.89
1.12
0.78
1.12
1.91
2.45
4.25
4.35
3.1
-0.58
-2.3
-2.44
-1.84
-1.11
-0.7
-0.69
-0.97
-1.68
-1.72
-1.4
-1.11
-1.02
-0.47
-0.16
0.16
-0.21
-0.49
0.54
2.62
4.33
3.07
0.64
0.08
2.61
3.34
1.46
-0.75
-1.75
-0.97
0.53
1.3
1.66
1.0
-1.2
-2.58
-3.51
-3.29
-2.71
-2.23
-0.8
0.08
1.21
1.72
2.36
1.19
0.07
-0.02
2.04
4.48
7.53
6.39
3.16
-1.71
-4.15
-4.83
-4.46
-3.46
-1.39
0.26
2.04
1.51
-0.4
-1.12
-0.69
-0.43
-0.57
-0.24
0.13
0.07
0.05
0.62
1.26
1.86
1.53
0.03
-0.57
1.16
2.16
2.22
0.62
-0.65
-1.89
-2.03
-1.72
-0.18
1.93
4.22
3.62
1.89
-0.87
-2.31
-3.41
-3.41
-2.66
-1.33
-0.0
1.76
4.24
3.61
1.58
-0.88
-1.02
-0.7
-0.76
-0.53
-0.24
-0.08
0.09
0.44
0.22
-0.48
-0.29
0.01
0.85
1.26
2.37
2.44
1.69
0.04
-0.34
-0.36
-0.2
-0.25
-0.66
-1.13
-1.31
-1.26
-0.48
0.43
1.57
1.08
0.13
0.1
0.11
-0.06
0.41
0.72
-0.15
-0.23
0.96
1.48
0.6
-0.38
-0.4
-0.34
-0.63
-0.61
-0.01
1.97
3.68
3.26
0.63
-1.08
-2.38
-2.64
-1.75
-0.38
1.64
3.27
2.06
0.12
-0.69
-0.26
-0.23
-0.16
0.07
0.37
0.62
1.31
1.36
1.13
1.02
1.06
0.76
0.38
-0.18
-2.35
-3.39
-3.71
-2.08
-0.78
-0.24
0.18
1.26
2.21
1.3
0.23
0.1
0.22
0.23
-0.17
-0.57
-0.68
-0.28
0.29
-0.42
-0.56
-0.16
1.16
1.57
0.96
0.29
-0.22
-0.48
-0.57
-0.33
0.1
0.48
0.79
0.69
0.67
0.53
0.33
0.16
-0.08
-0.32
0.16
1.28
2.16
1.56
0.93
0.82
0.42
-0.19
-0.09
0.01
-0.32
-0.73
-0.9
-0.65
-0.54
-0.06
0.36
0.32
0.29
-0.03
-0.43
-0.12
0.37
1.04
1.54
1.3
1.11
1.99
2.51
2.86
2.54
1.95
-0.81
-1.87
-1.95
-1.93
-1.42
-0.02
0.64
1.1
0.2
-0.51
-0.55
-0.5
-0.68
-1.18
-1.35
-1.72
-1.88
-1.7
-1.03
1.44
3.25
3.52
1.82
1.13
2.72
4.04
4.04
0.37
-1.67
-2.7
-1.7
-0.9
1.62
2.69
2.59
0.98
0.01
-0.71
-1.42
-1.81
-1.99
-1.71
-1.05
-0.52
-0.52
0.38
0.35
0.19
0.94
1.77
2.88
3.78
4.61
4.73
2.64
-0.64
-2.88
-3.01
-2.31
-1.99
-1.46
-1.02
-1.2
-1.59
-1.61
-1.34
-0.82
-0.03
0.7
0.53
0.7
0.43
0.8
2.12
3.03
2.03
1.63
2.74
3.91
3.65
0.04
-1.87
-2.47
-1.83
-0.97
-0.14
0.95
1.13
-0.53
-1.78
-2.28
-2.32
-2.55
-2.14
-1.56
-0.83
0.58
1.15
1.67
1.01
0.81
2.16
2.98
4.52
5.37
5.17
4.03
1.93
-0.73
-3.56
-4.2
-4.0
-3.5
-2.48
-0.65
0.66
0.51
-1.65
-1.77
-1.42
-0.95
-0.5
0.21
0.31
0.64
0.54
0.75
3.05
4.22
3.36
0.29
0.79
2.27
3.78
2.29
-1.47
-2.82
-2.7
-0.84
0.32
2.15
2.11
-0.12
-1.72
-2.38
-2.32
-2.23
-2.14
-1.52
-0.81
-0.2
1.1
1.55
1.1
0.07
1.19
2.08
3.19
4.12
4.97
4.84
2.53
-1.08
-2.37
-1.6
-0.92
-0.62
-0.49
-0.38
-0.67
-1.67
-1.91
-1.17
-1.01
-0.81
-0.65
-0.58
-0.37
-0.32
-0.16
0.47
1.71
2.28
2.91
1.86
1.0
1.26
1.96
1.65
0.02
-1.22
-1.52
-0.83
-0.27
0.87
0.96
-0.87
-1.72
-2.06
-1.84
-1.51
-1.21
-0.19
-0.0
0.16
0.14
0.5
0.97
1.46
1.76
1.94
2.01
3.76
4.92
4.6
1.09
-1.04
-2.4
-2.56
-2.44
-1.86
-1.27
-0.47
0.48
-0.28
-1.67
-1.37
-0.64
-0.09
0.14
0.02
-0.18
-0.35
-0.12
0.29
0.48
1.46
2.39
2.81
0.6
-0.14
1.17
3.12
3.9
1.04
-1.07
-2.39
-2.4
-1.53
-0.58
0.21
1.72
1.86
0.05
-1.45
-2.31
-2.1
-1.56
-1.06
-0.51
0.32
0.57
0.69
0.72
0.53
0.85
1.1
1.35
2.84
4.12
4.62
3.23
0.45
-2.39
-3.11
-2.73
-1.22
-0.74
-0.44
-0.14
-0.41
-1.17
-1.43
-1.21
-0.98
-0.83
-0.44
-0.17
-0.03
0.17
0.42
0.77
2.03
3.45
4.84
2.42
-0.17
-1.09
1.07
2.92
3.5
0.9
-1.82
-2.15
-1.5
-0.15
0.49
1.14
-0.27
-1.69
-2.58
-2.36
-1.94
-1.47
-1.06
-0.77
0.01
0.42
0.73
1.07
1.85
2.54
2.03
1.9
3.5
4.03
4.26
3.03
0.39
-2.84
-3.06
-2.72
-1.31
-0.96
-0.58
-0.17
-0.89
-1.75
-1.5
-1.18
-0.42
-0.2
-0.15
0.16
-0.15
-0.8
-0.77
-0.07
0.71
2.74
4.87
4.17
3.18
3.28
3.42
0.79
-1.07
-2.86
-3.57
-3.0
-1.26
0.33
2.5
2.13
1.38
0.17
-1.41
-2.54
-2.81
-2.15
-1.5
-0.68
-0.13
0.87
2.39
2.31
1.08
0.37
0.96
2.15
2.81
2.51
2.2
1.99
0.52
-1.77
-2.02
-0.87
-0.11
0.16
0.58
-0.23
-0.89
-1.44
-1.39
-0.86
-0.91
-0.61
-0.08
0.13
-0.09
-0.82
-1.14
-0.64
0.16
2.88
4.08
2.78
1.12
1.28
0.99
-0.97
-1.91
-1.89
-0.89
-0.07
2.18
2.67
1.31
-1.78
-2.41
-2.18
-1.39
-0.97
-0.2
-0.04
0.34
1.27
1.79
1.25
0.59
0.17
0.83
3.64
6.7
5.05
1.48
-1.39
-2.03
-1.57
-2.42
-2.07
-0.87
0.7
0.7
-0.77
-1.38
-1.22
-1.22
-1.18
-1.19
-0.62
-0.02
0.68
0.8
0.47
1.97
4.35
5.4
3.17
2.18
1.57
0.67
-0.99
-3.1
-3.5
-3.51
-2.7
-1.53
1.71
4.11
4.33
0.16
-1.55
-2.33
-1.71
-1.18
-0.49
0.24
0.92
1.51
1.49
0.86
-0.9
-0.23
2.04
2.65
3.01
4.48
4.38
3.41
1.23
-0.79
-2.95
-3.67
-3.86
-3.17
-2.98
-2.22
-0.1
1.08
0.52
-0.31
-0.1
0.41
0.25
0.19
0.43
0.2
-0.49
-0.7
-0.39
0.98
2.46
3.55
2.29
1.87
2.54
2.68
1.34
-1.38
-2.39
-2.09
-0.71
0.2
1.22
1.06
-0.28
-2.33
