-66.0
-66.985954
-66.0
-66.88736
-66.0
-66.798622
-66.0
-66.718758
-68.0
-66.846878
-67.0
-66.86219
-68.0
-66.975967
-68.0
-67.078369
-65.0
-66.870529
-67.0
-66.883476
-61.0
-66.295128
-71.0
-66.765617
-64.0
-66.489052
-67.0
-66.540146
-65.0
-66.386131
-66.0
-66.347519
-69.0
-66.612762
-67.0
-66.651482
-66.0
-66.586334
-69.0
-66.827698
-63.0
-66.444931
-68.0
-66.600441
-63.0
-66.240395
-70.0
-66.616356
-71.0
-67.054718
-66.0
-66.949242
-67.0
-66.954315
-67.0
-66.958878
-68.0
-67.062988
-61.0
-66.456688
-67.0
-66.511017
-65.0
-66.359917
-69.0
-66.623924
-69.0
-66.861526
-63.0
-66.475372
-68.0
-66.627838
-64.0
-66.365051
-65.0
-66.228546
-65.0
-66.10569
-68.0
-66.29512
-65.0
-66.165611
-61.0
-65.649048
-68.0
-65.88414
-66.0
-65.895721
-68.0
-66.106148
-67.0
-66.195534
-69.0
-66.475975
-64.0
-66.228378
-68.0
-66.40554
-72.0
-66.964981
