-30.0
-37.403439
-30.0
-35.922752
-31.0
-34.938202
-30.0
-33.950562
-33.0
-33.760448
-30.0
-33.008362
-30.0
-32.406693
-30.0
-31.925354
-30.0
-31.540283
-31.0
-31.432228
-31.0
-31.345783
-30.0
-31.076628
-30.0
-30.861303
-30.0
-30.689043
-64.0
-37.351234
-31.0
-36.080986
-61.0
-41.064789
-30.0
-38.851833
-33.0
-37.681465
-30.0
-36.145172
-30.0
-34.916138
-30.0
-33.932911
-30.0
-33.146332
-30.0
-32.517067
-31.0
-32.213654
-30.0
-31.770924
-30.0
-31.416739
-30.0
-31.13339
-31.0
-31.106714
-30.0
-30.885372
-72.0
-39.108299
-31.0
-37.486641
-30.0
-35.989315
-33.0
-35.391453
-31.0
-34.513161
-31.0
-33.810528
-30.0
-33.048424
-31.0
-32.638741
-30.0
-32.110992
-67.0
-39.088795
-31.0
-37.471035
-31.0
-36.176826
-30.0
-34.941463
-30.0
-33.953171
-31.0
-33.362537
-30.0
-32.690033
-30.0
-32.152027
-30.0
-31.721622
-33.0
-31.977299
-31.0
-31.781839
-55.0
-55.323421
-56.0
-55.45874
-55.0
-55.366993
-53.0
-54.893593
-56.0
-55.114876
-55.0
-55.0919
-56.0
-55.273521
-56.0
-55.418819
-56.0
-55.535057
-56.0
-55.628048
-55.0
-55.502438
-56.0
-55.601952
-56.0
-55.681564
-56.0
-55.745255
-56.0
-55.796204
-55.0
-55.636963
-56.0
-55.709572
-55.0
-55.567657
-55.0
-55.454128
-55.0
-55.363304
-53.0
-54.890644
-55.0
-54.912518
-53.0
-54.530014
-56.0
-54.824013
-56.0
-55.059212
-52.0
-54.447372
-55.0
-54.557899
-55.0
-54.64632
-55.0
-54.717056
-55.0
-54.773647
-55.0
-54.81892
-55.0
-54.855137
-55.0
-54.884109
-55.0
-54.907288
-53.0
-54.525829
-55.0
-54.620663
-55.0
-54.696529
-55.0
-54.757225
-55.0
-54.805782
-53.0
-54.444626
-53.0
-54.155701
-53.0
-53.924561
-56.0
-54.339649
-53.0
-54.07172
-55.0
-54.257378
-56.0
-54.605904
-56.0
-54.884724
-55.0
-54.90778
-56.0
-55.126225
-56.0
-55.30098
-53.0
-57.373772
-54.0
-56.699017
-56.0
-56.559216
-54.0
-56.047371
-55.0
-55.837898
-56.0
-55.870319
-56.0
-55.896255
-52.0
-55.117008
-53.0
-54.693607
-56.0
-54.954887
-56.0
-55.16391
-56.0
-55.331131
-56.0
-55.464905
-56.0
-55.571926
-56.0
-55.657543
-52.0
-54.926037
-56.0
-55.140831
-52.0
-54.512669
-56.0
-54.810135
-56.0
-55.048111
-52.0
-54.438492
-52.0
-53.950794
-55.0
-54.160637
-56.0
-54.528511
-56.0
-54.822811
-56.0
-55.05825
-56.0
-55.246601
-56.0
-55.397282
-56.0
-55.517826
-53.0
-55.014259
-56.0
-55.211411
-52.0
-54.56913
-56.0
-54.855305
-56.0
-55.084244
-57.0
-55.467396
-52.0
-54.773918
-56.0
-55.019135
-52.0
-54.41531
-56.0
-54.73225
-54.0
-54.5858
-56.0
-54.868641
-56.0
-55.094913
-77.0
-59.475933
-56.0
-58.780746
-52.0
-57.424599
-56.0
-57.139679
-53.0
-56.311741
-80.0
-61.049393
-56.0
-60.039516
-56.0
-59.231613
-50.0
-53.501392
-54.0
-53.601112
-54.0
-53.680889
-55.0
-53.944714
-54.0
-53.955772
-54.0
-53.964619
-51.0
-53.371696
-54.0
-53.497356
-54.0
-53.597885
-54.0
-53.678307
-54.0
-53.742645
-55.0
-53.994118
-54.0
-53.995293
-81.0
-59.396236
-54.0
-58.31699
-54.0
-57.45359
-54.0
-56.762871
-54.0
-56.210297
-54.0
-55.768238
-54.0
-55.414589
-51.0
-54.531673
-54.0
-54.425339
-54.0
-54.340271
-51.0
-53.672218
-55.0
-53.937775
-54.0
-53.950218
-54.0
-53.960175
-54.0
-53.96814
-54.0
-53.97451
-54.0
-53.979607
-51.0
-53.383686
-49.0
-52.50695
-51.0
-52.205563
-54.0
-52.564449
-54.0
-52.851559
-54.0
-53.081245
-51.0
-52.664997
-54.0
-52.931999
-54.0
-53.145599
-58.0
-54.116478
-51.0
-53.493183
-54.0
-53.594547
-54.0
-53.675636
-54.0
-53.740509
-51.0
-53.19241
-55.0
-53.553928
-54.0
-53.643143
-55.0
-53.914516
-54.0
-53.931614
-49.0
-52.94529
-52.0
-51.731155
-52.0
-51.784927
-50.0
-51.427944
-52.0
-51.542358
-52.0
-51.633888
-52.0
-51.707111
-52.0
-51.76569
-52.0
-51.812553
-51.0
-51.650043
-52.0
-51.720036
-48.0
-50.976028
-51.0
-50.980824
-52.0
-51.184662
-51.0
-51.147732
-52.0
-51.318188
-52.0
-51.454552
-52.0
-51.563644
-52.0
-51.650917
-52.0
-51.720737
-55.0
-52.376591
-55.0
-52.901272
-55.0
-53.321018
-52.0
-53.056816
-52.0
-52.845455
-52.0
-52.676365
-52.0
-52.541096
-52.0
-52.43288
-52.0
-52.346306
-55.0
-52.877045
-81.0
-58.501637
-52.0
-57.201313
-52.0
-56.161053
-52.0
-55.328846
-52.0
-54.663078
-52.0
-54.130466
-52.0
-53.704376
-52.0
-53.363503
-52.0
-53.090805
-52.0
-52.872646
-52.0
-52.69812
-48.0
-51.758495
-52.0
-51.806797
-52.0
-51.84544
-52.0
-51.876354
-52.0
-51.901085
-53.0
-52.120869
-48.0
-51.296696
-52.0
-51.437359
-52.0
-51.549889
-51.0
-51.439911
-52.0
-52.313969
-52.0
-52.251179
-81.0
-58.000946
-52.0
-56.800758
-53.0
-56.040607
-53.0
-55.432484
-53.0
-54.945988
-52.0
-54.356792
-53.0
-54.085434
-55.0
-54.268349
-53.0
-54.014679
-53.0
-53.811741
-52.0
-53.449394
-53.0
-53.359516
-53.0
-53.287613
-52.0
-53.030094
-53.0
-53.024075
-53.0
-53.01926
-53.0
-53.015408
-52.0
-52.812328
-53.0
-52.849861
-53.0
-52.879887
-53.0
-52.903908
-52.0
-52.723129
-52.0
-52.578506
-53.0
-52.662804
-53.0
-52.730244
-52.0
-52.584198
-53.0
-52.667358
-53.0
-52.733887
-52.0
-52.587112
-53.0
-52.669689
-80.0
-58.135754
-53.0
-57.108601
-53.0
-56.28688
-53.0
-55.629505
-53.0
-55.103603
-53.0
-54.68288
-80.0
-59.746304
-52.0
-58.197044
-79.0
-62.357635
-53.0
-60.486107
-53.0
-58.988884
-53.0
-57.791107
-54.0
-57.032887
-52.0
-56.02631
-52.0
-55.22105
-52.0
-54.576843
-52.0
-54.061478
-53.0
-53.849182
-55.0
-54.77853
-55.0
-54.822826
-54.0
-54.65826
-55.0
-54.726608
-54.0
-54.581287
-54.0
-54.465031
-55.0
-54.572025
-55.0
-54.657619
-55.0
-54.726097
-55.0
-54.78088
-55.0
-54.824703
-55.0
-54.859764
-79.0
-59.687813
-55.0
-58.750252
-55.0
-58.000202
-54.0
-57.200161
-55.0
-56.760128
-54.0
-56.208103
-55.0
-55.966484
-54.0
-55.573189
-55.0
-55.458553
-56.0
-55.566845
-55.0
-55.453476
-55.0
-55.362782
-51.0
-54.490227
-54.0
-54.392181
-55.0
-54.513744
-55.0
-54.610996
-55.0
-54.688797
-55.0
-54.751038
-55.0
-54.800831
-55.0
-54.840664
-56.0
-55.072533
-55.0
-55.058025
-55.0
-55.046421
-55.0
-55.037136
-55.0
-55.029709
-55.0
-55.023769
-55.0
-55.019016
-55.0
-55.015213
-55.0
-55.012173
-55.0
-55.009739
-55.0
-55.007793
-55.0
-55.006237
-55.0
-55.00499
-55.0
-55.003994
-55.0
-55.003197
-55.0
-55.00256
-55.0
-55.002048
-55.0
-55.00164
-69.0
-65.544334
-67.0
-65.835464
-64.0
-65.468376
-68.0
-65.974701
-58.0
-64.379761
-68.0
-65.103813
-63.0
-64.683052
-63.0
-64.346443
-63.0
-64.077156
-63.0
-63.861725
-63.0
-63.689381
-63.0
-63.551502
-68.0
-64.4412
-63.0
-64.152962
-63.0
-63.922367
-57.0
-62.537895
-63.0
-62.630314
-69.0
-63.904251
-63.0
-63.7234
-63.0
-63.57872
-57.0
-62.262978
-67.0
-63.210384
-63.0
-63.168308
-68.0
-64.134651
-68.0
-64.907722
-68.0
-65.526176
-57.0
-63.820942
-63.0
-63.656754
-63.0
-63.525402
-68.0
-64.420326
-63.0
-64.136261
-68.0
-64.909012
-68.0
-65.527214
-68.0
-66.021774
-63.0
-65.417419
-63.0
-64.933937
-68.0
-65.54715
-63.0
-65.03772
-68.0
-65.63018
-63.0
-65.104149
-63.0
-64.683319
-68.0
-65.346657
-63.0
-64.877327
-68.0
-65.501862
-63.0
-65.001488
-63.0
-64.601189
-68.0
-65.280952
-63.0
-64.82476
-63.0
-64.459808
-68.0
-65.167847
-71.0
-70.928238
-70.0
-70.742592
-64.0
-69.394073
-73.0
-70.115257
-73.0
-70.692207
-70.0
-70.553772
-73.0
-71.043022
-79.0
-72.634422
-72.0
-72.507538
-69.0
-71.80603
-71.0
-71.644821
-72.0
-71.715858
-71.0
-71.572685
-72.0
-71.65815
-71.0
-71.52652
-73.0
-71.82122
-73.0
-72.056976
-71.0
-71.845581
-73.0
-72.076469
-70.0
-71.661179
-73.0
-71.928947
-73.0
-72.143158
-72.0
-72.114525
-72.0
-72.091621
-71.0
-71.873299
-72.0
-71.898636
-71.0
-71.71891
-70.0
-71.37513
-73.0
-71.700104
-74.0
-72.160088
-72.0
-72.128067
-72.0
-72.102455
-71.0
-71.881966
-72.0
-71.905571
-73.0
-72.124458
-72.0
-72.099564
-72.0
-72.079651
-74.0
-72.463722
-72.0
-72.370979
-72.0
-72.296783
-73.0
-72.437431
-72.0
-72.349945
-72.0
-72.279953
-73.0
-72.423965
-72.0
-72.339172
-72.0
-72.271339
-72.0
-72.217072
-70.0
-71.773659
-72.0
-71.818924
-74.0
-72.255142
-65.0
-69.291382
-65.0
-68.433105
-83.0
-71.346489
-65.0
-70.077194
-66.0
-69.261757
-65.0
-68.409409
-66.0
-67.927528
-66.0
-67.542023
-82.0
-70.433617
-66.0
-69.54689
-79.0
-71.437515
-65.0
-70.150017
-80.0
-72.120018
-66.0
-70.896011
-66.0
-69.916809
-80.0
-71.933449
-66.0
-70.746758
-66.0
-69.797409
-80.0
-71.837929
-66.0
-70.670341
-66.0
-69.736275
-80.0
-71.789024
-66.0
-70.631218
-66.0
-69.704971
-66.0
-68.963974
-79.0
-70.971184
-65.0
-69.776947
-66.0
-69.021561
-66.0
-68.417252
-82.0
-71.133804
-79.0
-72.707047
-64.0
-70.965637
-79.0
-72.57251
-65.0
-71.058014
-65.0
-69.846413
-65.0
-68.877136
-67.0
-68.501709
-66.0
-68.001366
-65.0
-67.401093
-66.0
-67.120872
-88.0
-71.2967
-65.0
-70.037361
-66.0
-69.229889
-81.0
-71.583908
-65.0
-70.267128
-65.0
-69.213707
-66.0
-68.570969
-65.0
-67.856781
-65.0
-67.285431
-81.0
-70.028343
-63.0
-64.231781
-65.0
-64.385429
-65.0
-64.508347
-63.0
-64.20668
-63.0
-63.965343
-64.0
-63.972275
-63.0
-63.777821
-63.0
-63.622257
-64.0
-63.697807
-63.0
-63.558247
-62.0
-63.246601
-64.0
-63.397282
-65.0
-63.717827
-64.0
-63.774261
-63.0
-63.619408
-65.0
-63.895527
-63.0
-63.716419
-63.0
-63.573135
-63.0
-63.458508
-63.0
-63.366806
-63.0
-63.293446
-63.0
-63.234756
-63.0
-63.187805
-63.0
-63.150242
-63.0
-63.120193
-63.0
-63.096153
-63.0
-63.076923
-63.0
-63.061539
-63.0
-63.049229
-63.0
-63.039383
-64.0
-63.231506
-63.0
-63.185204
-63.0
-63.148163
-63.0
-63.11853
-63.0
-63.094822
-63.0
-63.075855
-63.0
-63.060684
-63.0
-63.048546
-63.0
-63.038837
-63.0
-63.031071
-63.0
-63.024857
-63.0
-63.019886
-63.0
-63.015907
-63.0
-63.012726
-63.0
-63.010181
-63.0
-63.008144
-64.0
-63.206516
-63.0
-63.165211
-63.0
-63.132168
-63.0
-63.105732
-65.0
-64.378265
-67.0
-64.902611
-62.0
-64.32209
-68.0
-65.057671
-66.0
-65.24614
-62.0
-64.596909
-67.0
-65.07753
-63.0
-64.662025
-80.0
-67.729622
-67.0
-67.583694
-67.0
-67.466957
-66.0
-67.173569
-67.0
-67.138855
-67.0
-67.111084
-67.0
-67.088867
-67.0
-67.071091
-67.0
-67.05687
-62.0
-66.045494
-63.0
-65.436394
-62.0
-64.749115
-66.0
-64.99929
-62.0
-64.399429
-67.0
-64.91954
-62.0
-64.335632
-67.0
-64.868507
-62.0
-64.294807
-66.0
-64.635849
-62.0
-64.108681
-67.0
-64.686943
-67.0
-65.149551
-62.0
-64.519638
-62.0
-64.015709
-67.0
-64.612564
-63.0
-64.290054
-66.0
-64.632042
-67.0
-65.105637
-66.0
-65.284508
-63.0
-64.827606
-62.0
-64.262085
-67.0
-64.809669
-62.0
-64.247734
-63.0
-63.998188
-67.0
-64.598549
-66.0
-64.878838
-62.0
-64.30307
-63.0
-64.042458
-67.0
-64.633965
-67.0
-65.10717
-62.0
-64.485733
-62.0
-63.98859
-65.0
-64.760048
-67.0
-65.208038
-64.0
-64.966431
-66.0
-65.173141
-58.0
-63.738514
-67.0
-64.390808
-63.0
-64.112648
-64.0
-64.090118
-68.0
-64.872093
-67.0
-65.297676
-67.0
-65.638138
-67.0
-65.910507
-64.0
-65.528404
-67.0
-65.822723
-64.0
-65.458183
-63.0
-64.966545
-67.0
-65.373238
-64.0
-65.098595
-63.0
-64.678879
-67.0
-65.143105
-67.0
-65.514481
-63.0
-65.011589
-67.0
-65.409271
-63.0
-64.927422
-67.0
-65.341934
-64.0
-65.073547
-67.0
-65.458839
-67.0
-65.767075
-67.0
-66.013657
-64.0
-65.610924
-64.0
-65.288742
-67.0
-65.630997
-67.0
-65.9048
-67.0
-66.12384
-67.0
-66.299072
-67.0
-66.439255
-67.0
-66.551407
-63.0
-65.841125
-67.0
-66.072899
-64.0
-65.658318
-67.0
-65.926651
-63.0
-65.341324
-67.0
-65.673058
-67.0
-65.938446
-63.0
-65.350761
-67.0
-65.680611
-63.0
-65.144493
-67.0
-65.515594
-64.0
-65.212479
-67.0
-65.569984
-72.0
-69.581856
-69.0
-69.465485
-69.0
-69.372391
-70.0
-69.497917
-71.0
-69.798332
-68.0
-69.438667
-71.0
-69.750931
-70.0
-69.800751
-68.0
-69.440605
-68.0
-69.152489
-68.0
-68.921989
-68.0
-68.737595
-70.0
-68.990082
-71.0
-69.392067
-67.0
-68.913651
-70.0
-69.13092
-70.0
-69.304741
-70.0
-69.443794
-68.0
-69.155037
-70.0
-69.324036
-68.0
-69.059227
-70.0
-69.247383
-70.0
-69.397911
-68.0
-69.118332
-68.0
-68.894669
-71.0
-69.315735
-71.0
-69.652588
-70.0
-69.722076
-70.0
-69.777664
-68.0
-69.422134
-71.0
-69.737709
-70.0
-69.790169
-70.0
-69.832138
-70.0
-69.865715
-67.0
-69.292572
-68.0
-69.034058
-70.0
-69.227249
-70.0
-69.381805
-70.0
-69.505447
-70.0
-69.604362
-70.0
-69.683495
-70.0
-69.746796
-67.0
-69.197433
-70.0
-69.357948
-70.0
-69.486359
-70.0
-69.589088
-70.0
-69.671272
-68.0
-69.337021
-70.0
-69.46962
-70.0
-69.575699
-68.0
-67.365021
-68.0
-67.49202
-66.0
-67.193619
-65.0
-66.754898
-65.0
-66.403923
-68.0
-66.723137
-66.0
-66.578506
-67.0
-66.662804
-66.0
-66.530243
-66.0
-66.424194
-65.0
-66.139359
-67.0
-66.311485
-66.0
-66.249191
-66.0
-66.199356
-67.0
-66.359482
-67.0
-66.487587
-66.0
-66.390068
-67.0
-66.512054
-68.0
-66.809647
-66.0
-66.64772
-67.0
-66.718178
-66.0
-66.574539
-68.0
-66.859634
-67.0
-66.887711
-66.0
-66.710167
-66.0
-66.56813
-67.0
-66.654503
-67.0
-66.723602
-67.0
-66.778885
-65.0
-66.423111
-67.0
-66.53849
-65.0
-66.230797
-67.0
-66.384636
-65.0
-66.107712
-67.0
-66.286171
-66.0
-66.228935
-67.0
-66.383148
-66.0
-66.306519
-65.0
-66.045219
-67.0
-66.236176
-65.0
-65.988945
-66.0
-65.991158
-65.0
-65.792931
-66.0
-65.834343
-65.0
-65.66748
-66.0
-65.733986
-67.0
-65.98719
-65.0
-65.789757
-68.0
-66.231804
-67.0
-66.385445
-67.0
-72.874641
-75.0
-73.299713
-81.0
-74.839767
-75.0
-74.871819
-66.0
-73.097458
-74.0
-73.277969
-67.0
-72.022377
-67.0
-71.017899
-74.0
-71.614319
-75.0
-72.291458
-74.0
-72.633171
-65.0
-71.106537
-74.0
-71.685234
-67.0
-70.748184
-75.0
-71.598549
-75.0
-72.278839
-67.0
-71.223068
-75.0
-71.978455
-75.0
-72.582764
-75.0
-73.066216
-75.0
-73.452972
-67.0
-72.162376
-75.0
-72.729904
-75.0
-73.183929
-75.0
-73.54715
-77.0
-74.237717
-66.0
-72.590172
-74.0
-72.872139
-74.0
-73.09771
-67.0
-71.878166
-67.0
-70.902534
-75.0
-71.722031
-67.0
-70.777626
-75.0
-71.622101
-66.0
-70.497681
-66.0
-69.598145
-66.0
-68.878517
-75.0
-70.102814
-74.0
-70.882256
-74.0
-71.505806
-67.0
-70.604645
-66.0
-69.683716
-67.0
-69.146973
-74.0
-70.117577
-75.0
-71.094063
-67.0
-70.275253
-67.0
-69.620201
-75.0
-70.696167
-75.0
-71.556938
-80.0
-73.245552
-74.0
-73.353233
-72.0
-73.082588
-72.0
-72.866074
-71.0
-72.492859
-73.0
-72.594292
-75.0
-73.075439
-77.0
-73.860352
-73.0
-73.688286
-72.0
-73.350632
-72.0
-73.080505
-72.0
-72.864403
-77.0
-73.691521
-78.0
-74.553215
-77.0
-75.042572
-72.0
-74.434059
-72.0
-73.94725
-72.0
-73.5578
-77.0
-74.246239
-72.0
-73.796989
-72.0
-73.437592
-75.0
-73.750076
-72.0
-73.400063
-76.0
-73.920052
-73.0
-73.736046
-72.0
-73.38884
-72.0
-73.111069
-71.0
-72.688858
-72.0
-72.551086
-71.0
-72.240868
-72.0
-72.192696
-71.0
-71.954155
-76.0
-72.763321
-71.0
-72.41066
-75.0
-72.928528
-72.0
-72.742821
-73.0
-72.794258
-77.0
-73.635406
-77.0
-74.308327
-72.0
-73.846664
-71.0
-73.277328
-75.0
-73.621864
-78.0
-74.49749
-71.0
-73.797989
-76.0
-74.238388
-73.0
-73.990715
-78.0
-74.792572
-78.0
-75.434059
-72.0
-74.747246
-72.0
-74.1978
-78.0
-74.958244
-87.0
-81.024155
-68.0
-78.419327
-77.0
-78.13546
-89.0
-80.308372
-75.0
-79.246696
-68.0
-76.99736
-84.0
-78.397888
-84.0
-79.518311
-84.0
-80.41465
-72.0
-78.73172
-85.0
-79.985382
-72.0
-78.388306
-67.0
-76.110641
-72.0
-75.288513
-73.0
-74.830811
-68.0
-73.464653
-82.0
-75.171722
-72.0
-74.537376
-83.0
-76.229904
-72.0
-75.383926
-73.0
-74.907143
-71.0
-74.125717
-82.0
-75.700577
-82.0
-76.960464
-82.0
-77.968369
-73.0
-76.974693
-82.0
-77.979752
-83.0
-78.983803
-72.0
-77.587044
-72.0
-76.469635
-73.0
-75.775711
-83.0
-77.220573
-73.0
-76.376457
-82.0
-77.501167
-82.0
-78.400932
-68.0
-76.320747
-73.0
-75.656601
-72.0
-74.925278
-72.0
-74.340225
-72.0
-73.872177
-82.0
-75.497742
-72.0
-74.798195
-73.0
-74.43856
-82.0
-75.950851
-72.0
-75.160683
-68.0
-73.728546
-69.0
-72.782837
-73.0
-72.826271
-73.0
-72.861015
-72.0
-72.688812
-68.0
-70.66851
-69.0
-70.334808
-72.0
-70.667847
-70.0
-70.534279
-68.0
-70.027428
-68.0
-69.621941
-70.0
-69.697556
-68.0
-69.358047
-68.0
-69.086441
-73.0
-69.869156
-72.0
-70.295326
-73.0
-70.836266
-68.0
-70.269012
-70.0
-70.21521
-70.0
-70.172173
-68.0
-69.73774
-73.0
-70.39019
-73.0
-70.912155
-73.0
-71.329727
-68.0
-70.66378
-72.0
-70.931023
-61.0
-68.944817
-72.0
-69.555855
-72.0
-70.044685
-71.0
-70.235748
-69.0
-69.988602
-69.0
-69.790886
-71.0
-70.032707
-81.0
-72.226166
-69.0
-71.580933
-69.0
-71.064751
-69.0
-70.651802
-69.0
-70.321442
-73.0
-70.857155
-72.0
-71.085724
-61.0
-69.068581
-73.0
-69.854866
-71.0
-70.083893
-72.0
-70.467117
-72.0
-70.773697
-71.0
-70.818954
-68.0
-70.255165
-73.0
-70.804131
-68.0
-70.243309
-71.0
-70.394646
-68.0
-69.915718
-70.0
-69.932579
-68.0
-69.546066
-67.0
-69.03685
-70.0
-69.229485
-69.0
-67.692642
-67.0
-67.554115
-67.0
-67.443291
-69.0
-67.754631
-69.0
-68.003708
-68.0
-68.002968
-69.0
-68.202377
-68.0
-68.161903
-68.0
-68.129524
-57.0
-65.903618
-69.0
-66.522896
-68.0
-66.818321
-69.0
-67.254662
-69.0
-67.603729
-69.0
-67.882988
-68.0
-67.906395
-69.0
-68.125114
-68.0
-68.10009
-69.0
-68.280075
-69.0
-68.424065
-68.0
-68.339256
-69.0
-68.471405
-57.0
-66.177124
-69.0
-66.741699
-68.0
-66.993362
-68.0
-67.194695
-68.0
-67.355759
-68.0
-67.484612
-68.0
-67.587692
-69.0
-67.870155
-68.0
-67.896126
-68.0
-67.916901
-68.0
-67.933525
-68.0
-67.946823
-67.0
-67.757462
-69.0
-68.005974
-68.0
-68.004784
-68.0
-68.00383
-68.0
-68.003067
-68.0
-68.002457
-67.0
-67.801964
-69.0
-68.041573
-67.0
-67.83326
-68.0
-67.866608
-68.0
-67.893288
-69.0
-68.114632
-68.0
-68.091705
-69.0
-68.273369
-69.0
-68.418694
-69.0
-68.534958
-75.0
-68.787872
-75.0
-70.030304
-79.0
-71.824242
-63.0
-70.059395
-62.0
-68.447517
-76.0
-69.958015
-74.0
-70.766411
-61.0
-68.813126
-76.0
-70.250504
-62.0
-68.600403
-74.0
-69.680321
-62.0
-68.144257
-61.0
-66.715408
-75.0
-68.37233
-62.0
-67.097862
-81.0
-69.878288
-75.0
-70.902634
-61.0
-68.922104
-75.0
-70.137688
-75.0
-71.110153
-75.0
-71.888123
-65.0
-70.510498
-62.0
-68.808395
-75.0
-70.046722
-62.0
-68.437378
-64.0
-67.549904
-75.0
-69.039925
-75.0
-70.231941
-65.0
-69.185555
-62.0
-67.748444
-65.0
-67.198761
-62.0
-66.159012
-62.0
-65.327209
-74.0
-67.061768
-65.0
-66.649414
-72.0
-67.719528
-75.0
-69.175629
-75.0
-70.340508
-75.0
-71.272408
-62.0
-69.417923
-76.0
-70.734337
-62.0
-68.987473
-62.0
-67.589981
-62.0
-66.471985
-75.0
-68.177589
-62.0
-66.94207
-76.0
-68.753654
-65.0
-68.00293
-62.0
-66.802345
-61.0
-65.641876
-67.0
-66.321404
-65.0
-66.057129
-67.0
-66.245705
-65.0
-65.996567
-65.0
-65.797256
-67.0
-66.037804
-64.0
-65.630241
-67.0
-65.90419
-65.0
-65.723358
-62.0
-64.978683
-65.0
-64.982948
-64.0
-64.786362
-67.0
-65.229088
-67.0
-65.583267
-65.0
-65.466614
-65.0
-65.373291
-65.0
-65.298637
-67.0
-65.638908
-67.0
-65.911125
-68.0
-66.328903
-67.0
-66.46312
-65.0
-66.170502
-64.0
-65.736404
-67.0
-65.98912
-65.0
-65.791298
-64.0
-65.433037
-67.0
-65.746429
-64.0
-65.397148
-67.0
-65.71772
-67.0
-65.974174
-67.0
-66.179337
-67.0
-66.343468
-68.0
-66.674774
-65.0
-66.339821
-67.0
-66.471855
-65.0
-66.17749
-64.0
-65.741997
-64.0
-65.3936
-67.0
-65.714882
-67.0
-65.971909
-68.0
-66.377525
-63.0
-65.702019
-68.0
-66.161613
-67.0
-66.329292
-67.0
-66.463432
-68.0
-66.770744
-67.0
-66.816597
-67.0
-66.853279
-67.0
-66.882622
-67.0
-66.906097
-76.0
-73.746048
-68.0
-72.59684
-65.0
-71.077477
-79.0
-72.66198
-78.0
-73.729584
-76.0
-74.18367
-68.0
-72.946938
-78.0
-73.95755
-77.0
-74.56604
-77.0
-75.052834
-77.0
-75.442268
-77.0
-75.753815
-68.0
-74.203056
-64.0
-72.162445
-78.0
-73.329956
-68.0
-72.263969
-76.0
-73.011177
-68.0
-72.008942
-78.0
-73.207153
-68.0
-72.165726
-79.0
-73.532585
-78.0
-74.426071
-77.0
-74.940857
-68.0
-73.552689
-76.0
-74.042152
-77.0
-74.63372
-78.0
-75.306976
-68.0
-73.845581
-68.0
-72.676468
-68.0
-71.741173
-77.0
-72.792938
-68.0
-71.834351
-78.0
-73.067482
-78.0
-74.053986
-68.0
-72.843193
-77.0
-73.674553
-64.0
-71.739647
-77.0
-72.791718
-76.0
-73.433372
-77.0
-74.146698
-77.0
-74.717361
-68.0
-73.373894
-64.0
-71.499115
-78.0
-72.799294
-76.0
-73.439438
-75.0
-73.751556
-68.0
-72.60125
-75.0
-73.081001
-76.0
-73.664803
-68.0
-72.531845
-77.0
-76.255989
-76.0
-76.204788
-77.0
-76.363831
-75.0
-76.091064
-75.0
-75.872856
-74.0
-75.498283
-75.0
-75.398628
-75.0
-75.318909
-75.0
-75.255127
-77.0
-75.604103
-63.0
-73.083282
-75.0
-73.466629
-76.0
-73.973305
-76.0
-74.378647
-74.0
-74.302917
-75.0
-74.442337
-74.0
-74.353874
-79.0
-75.283104
-76.0
-75.426483
-74.0
-75.14119
-73.0
-74.712952
-74.0
-74.570366
-75.0
-74.656296
-74.0
-74.52504
-77.0
-75.020035
-77.0
-75.416031
-73.0
-74.932823
-76.0
-75.146255
-77.0
-75.517006
-76.0
-75.613602
-77.0
-75.890884
-81.0
-76.912704
-74.0
-76.330162
-78.0
-76.664131
-78.0
-76.931305
-78.0
-77.145042
-78.0
-77.316032
-74.0
-76.652824
-63.0
-73.922264
-79.0
-74.937813
-73.0
-74.550255
-78.0
-75.240204
-77.0
-75.592163
-79.0
-76.273735
-77.0
-76.418991
-78.0
-76.735191
-78.0
-76.988152
-78.0
-77.190521
-78.0
-77.352417
-74.0
-76.681938
-69.0
-68.301712
-71.0
-68.84137
-69.0
-68.8731
-70.0
-69.09848
-70.0
-69.278786
-67.0
-68.823029
-70.0
-69.058426
-70.0
-69.246742
-67.0
-68.797394
-67.0
-68.437912
-69.0
-68.550331
-70.0
-68.840271
-68.0
-68.672218
-70.0
-68.937775
-68.0
-68.750221
-67.0
-68.400177
-71.0
-68.920143
-67.0
-68.536118
-70.0
-68.828896
-67.0
-68.46312
-67.0
-68.170494
-67.0
-67.936394
-67.0
-67.749115
-67.0
-67.599289
-68.0
-67.679436
-67.0
-67.543549
-70.0
-68.034843
-67.0
-67.827873
-68.0
-67.862297
-67.0
-67.689835
-70.0
-68.151871
-68.0
-68.121498
-70.0
-68.4972
-67.0
-68.197762
-70.0
-68.558212
-71.0
-69.04657
-67.0
-68.637253
-67.0
-68.309799
-67.0
-68.047836
-67.0
-67.838272
-70.0
-68.270622
-70.0
-68.616501
-69.0
-68.693199
-67.0
-68.354561
-69.0
-68.48365
-62.0
-67.18692
-69.0
-67.549538
-62.0
-66.439629
-67.0
-66.551704
-69.0
-67.041367
-68.0
-70.496735
-65.0
-69.397392
-69.0
-69.317917
-69.0
-69.254333
-81.0
-71.60347
-68.0
-70.882774
-69.0
-70.506218
-68.0
-70.004974
-69.0
-69.803978
-75.0
-70.843185
-68.0
-70.274551
-75.0
-71.219643
-75.0
-71.975716
-68.0
-71.180573
-76.0
-72.144455
-68.0
-71.315567
-77.0
-72.452454
-68.0
-71.561966
-68.0
-70.849571
-68.0
-70.279655
-76.0
-71.423721
-76.0
-72.338974
-75.0
-72.871185
-74.0
-73.096947
-69.0
-72.277557
-69.0
-71.622047
-77.0
-72.697639
-69.0
-71.958115
-68.0
-71.166496
-75.0
-71.933197
-68.0
-71.146561
-75.0
-71.917252
-75.0
-72.533806
-74.0
-72.827049
-69.0
-72.061638
-76.0
-72.849312
-75.0
-73.279449
-65.0
-71.623566
-68.0
-70.898857
-75.0
-71.719086
-76.0
-72.575272
-76.0
-73.260216
-76.0
-73.808174
-64.0
-71.846542
-68.0
-71.077232
-68.0
-70.461784
-68.0
-69.969429
-75.0
-70.975548
-68.0
-70.38044
-68.0
-69.90435
-70.0
-79.009659
-79.0
-79.007729
-79.0
-79.006187
-82.0
-79.60495
-84.0
-80.483963
-85.0
-81.387169
-84.0
-81.909737
-86.0
-82.727791
-71.0
-80.382233
-84.0
-81.105789
-84.0
-81.684639
-82.0
-81.747711
-85.0
-82.39817
-85.0
-82.918541
-86.0
-83.534828
-86.0
-84.027863
-85.0
-84.22229
-84.0
-84.177834
-85.0
-84.34227
-86.0
-84.673813
-85.0
-84.739052
-86.0
-84.991241
-86.0
-85.192993
-84.0
-84.954399
-84.0
-84.763527
-85.0
-84.810822
-84.0
-84.648659
-86.0
-84.918922
-85.0
-84.935143
-83.0
-84.548111
-84.0
-84.438492
-73.0
-82.150795
-72.0
-80.120636
-82.0
-80.496513
-83.0
-80.997208
-85.0
-81.797768
-71.0
-79.638214
-82.0
-80.110573
-85.0
-81.088463
-83.0
-81.470772
-84.0
-81.976624
-85.0
-82.581299
-83.0
-82.665039
-83.0
-82.732033
-85.0
-83.185631
-86.0
-83.748505
-85.0
-83.998802
-85.0
-84.199043
-84.0
-84.159241
-84.0
-84.127396
-75.0
-75.460899
-77.0
-75.768723
-75.0
-75.614983
-74.0
-75.291985
-75.0
-75.233589
-75.0
-75.186874
-75.0
-75.149506
-75.0
-75.119606
-74.0
-74.895683
-78.0
-75.516548
-74.0
-75.213242
-75.0
-75.170593
-75.0
-75.136475
-74.0
-74.90918
-75.0
-74.927345
-74.0
-74.741875
-75.0
-74.793503
-74.0
-74.634804
-74.0
-74.507843
-74.0
-74.406273
-74.0
-74.32502
-74.0
-74.260017
-74.0
-74.208015
-74.0
-74.166412
-75.0
-74.33313
-74.0
-74.266502
-74.0
-74.213203
-74.0
-74.170563
-74.0
-74.136452
-74.0
-74.109161
-74.0
-74.087334
-74.0
-74.06987
-74.0
-74.055901
-74.0
-74.044724
-75.0
-74.235779
-66.0
-72.588623
-75.0
-73.0709
-75.0
-73.456726
-76.0
-73.965378
-75.0
-74.172302
-74.0
-74.13784
-74.0
-74.110275
-73.0
-73.888222
-73.0
-73.710579
-73.0
-73.568466
-74.0
-73.654778
-75.0
-73.923828
-75.0
-74.139069
-74.0
-74.111259
-74.0
-74.089012
-81.0
-78.472511
-71.0
-76.978012
-72.0
-75.982407
-78.0
-76.385925
-72.0
-75.508743
-77.0
-75.806992
-72.0
-75.045593
-71.0
-74.236473
-79.0
-75.189178
-72.0
-74.551346
-79.0
-75.441078
-72.0
-74.752861
-78.0
-75.40229
-71.0
-74.521835
-78.0
-75.217468
-79.0
-75.973976
-72.0
-75.179184
-92.0
-78.54335
-78.0
-78.434685
-71.0
-76.947746
-78.0
-77.158195
-78.0
-77.326561
-79.0
-77.661247
-71.0
-76.328995
-72.0
-75.463196
-78.0
-75.970558
-72.0
-75.176445
-72.0
-74.541153
-72.0
-74.032921
-78.0
-74.82634
-71.0
-74.061073
-78.0
-74.848862
-79.0
-75.679092
-72.0
-74.943275
-79.0
-75.754623
-72.0
-75.0037
-78.0
-75.602959
-72.0
-74.88237
-78.0
-75.505898
-71.0
-74.604721
-79.0
-75.48378
-79.0
-76.187027
-72.0
-75.349625
-79.0
-76.079704
-72.0
-75.263763
-78.0
-75.811012
-71.0
-74.848808
-79.0
-75.679047
-79.0
-76.343239
-77.0
-76.474594
-70.0
-70.675224
-71.0
-70.740181
-72.0
-70.992142
-70.0
-70.793716
-72.0
-71.034973
-72.0
-71.227982
-61.0
-69.182388
-72.0
-69.745911
-69.0
-69.596733
-72.0
-70.077385
-69.0
-69.861908
-69.0
-69.689529
-69.0
-69.551628
-70.0
-69.641304
-69.0
-69.513046
-72.0
-70.010437
-72.0
-70.408348
-69.0
-70.126678
-72.0
-70.501343
-72.0
-70.801071
-69.0
-70.440857
-70.0
-70.352692
-70.0
-70.282158
-69.0
-70.025726
-70.0
-70.020584
-72.0
-70.416466
-70.0
-70.333176
-69.0
-70.066544
-69.0
-69.853233
-72.0
-70.282585
-72.0
-70.626068
-72.0
-70.900856
-70.0
-70.720688
-77.0
-71.976547
-71.0
-71.781235
-70.0
-71.424988
-72.0
-71.539993
-81.0
-73.431992
-71.0
-72.945595
-69.0
-72.156479
-72.0
-72.125183
-72.0
-72.100143
-70.0
-71.680115
-72.0
-71.744095
-61.0
-69.595276
-72.0
-70.076218
-81.0
-72.260971
-69.0
-71.60878
-72.0
-71.687027
-72.0
-71.749619
-67.0
-73.186829
-74.0
-73.349464
-67.0
-72.079575
-75.0
-72.663666
-64.0
-70.930931
-64.0
-69.544746
-67.0
-69.035797
-75.0
-70.228638
-64.0
-68.98291
-67.0
-68.586327
-74.0
-69.66906
-74.0
-70.535248
-75.0
-71.4282
-75.0
-72.142563
-75.0
-72.71405
-67.0
-71.571243
-67.0
-70.656998
-74.0
-71.3256
-74.0
-71.860481
-67.0
-70.888382
-64.0
-69.510704
-65.0
-68.608566
-67.0
-68.28685
-74.0
-69.429482
-74.0
-70.34359
-68.0
-69.87487
-67.0
-69.299896
-74.0
-70.239922
-67.0
-69.591934
-74.0
-70.473549
-75.0
-71.378845
-67.0
-70.503075
-67.0
-69.80246
-74.0
-70.641968
-75.0
-71.51358
-67.0
-70.610863
-67.0
-69.888687
-67.0
-69.310951
-76.0
-70.648758
-74.0
-71.319008
-67.0
-70.455208
-74.0
-71.164169
-75.0
-71.931335
-73.0
-72.145073
-67.0
-71.116058
-67.0
-70.292847
-64.0
-69.034279
-76.0
-70.427422
-67.0
-69.741936
-67.0
-69.19355
-68.0
-70.495155
-73.0
-70.996124
-73.0
-71.396904
-70.0
-71.117523
-74.0
-71.694023
-74.0
-72.15522
-70.0
-71.724182
-75.0
-72.379349
-70.0
-71.903481
-73.0
-72.122787
-64.0
-70.49823
-73.0
-70.998589
-74.0
-71.598869
-69.0
-71.079094
-74.0
-71.663277
-69.0
-71.130623
-73.0
-71.504501
-69.0
-71.003601
-70.0
-70.802887
-74.0
-71.442314
-63.0
-69.753853
-69.0
-69.603081
-69.0
-69.482468
-70.0
-69.585976
-74.0
-70.468781
-80.0
-72.375031
-74.0
-72.700027
-74.0
-72.960022
-74.0
-73.168022
-69.0
-72.334419
-69.0
-71.667534
-70.0
-71.33403
-74.0
-71.867226
-74.0
-72.293785
-69.0
-71.635033
-74.0
-72.108025
-74.0
-72.48642
-69.0
-71.789139
-69.0
-71.231316
-70.0
-70.985054
-69.0
-70.588043
-73.0
-71.070435
-69.0
-70.656349
-69.0
-70.325081
-74.0
-71.060066
-74.0
-71.648056
-69.0
-71.118446
-69.0
-70.694756
-63.0
-69.155807
-77.0
-70.724648
-83.0
-78.546371
-78.0
-78.437096
-68.0
-76.349678
-81.0
-77.279739
-76.0
-77.023788
-76.0
-76.819031
-76.0
-76.655228
-76.0
-76.524185
-76.0
-76.41935
-77.0
-76.535477
-78.0
-76.828384
-79.0
-77.262711
-79.0
-77.610168
-78.0
-77.688133
-76.0
-77.35051
-78.0
-77.480408
-78.0
-77.584328
-76.0
-77.267464
-77.0
-77.213974
-76.0
-76.971176
-76.0
-76.776939
-78.0
-77.021553
-78.0
-77.217247
-77.0
-77.173798
-79.0
-77.53904
-76.0
-77.231232
-79.0
-77.584984
-77.0
-77.467987
-77.0
-77.37439
-79.0
-77.699516
-76.0
-77.359612
-78.0
-77.487694
-78.0
-77.590157
-77.0
-77.472122
-67.0
-75.377701
-81.0
-76.502159
-76.0
-76.401726
-77.0
-76.521378
-79.0
-77.017105
-78.0
-77.213684
-77.0
-77.170944
-76.0
-76.936752
-77.0
-76.949402
-77.0
-76.959518
-78.0
-77.167618
-76.0
-76.934097
-77.0
-76.947281
-68.0
-75.157829
-68.0
-73.726265
-76.0
-74.181015
-72.0
-73.258698
-78.0
-74.206963
-66.0
-72.565567
-71.0
-72.252457
-78.0
-73.40197
-71.0
-72.921577
-71.0
-72.537262
-65.0
-71.029816
-78.0
-72.423851
-78.0
-73.539085
-71.0
-73.031265
-70.0
-72.425018
-78.0
-73.540016
-78.0
-74.432014
-71.0
-73.745613
-65.0
-71.99649
-64.0
-70.397194
-71.0
-70.517754
-78.0
-72.014206
-70.0
-71.611366
-70.0
-71.289093
-71.0
-71.231277
-71.0
-71.18502
-78.0
-72.548019
-71.0
-72.238419
-71.0
-71.990738
-71.0
-71.792587
-71.0
-71.634071
-70.0
-71.307259
-71.0
-71.245804
-80.0
-72.996643
-71.0
-72.597313
-79.0
-73.877853
-78.0
-74.702286
-71.0
-73.96183
-78.0
-74.769463
-65.0
-72.815575
-78.0
-73.852463
-77.0
-74.481972
-71.0
-73.785576
-79.0
-74.828461
-65.0
-72.86277
-79.0
-74.090218
-78.0
-74.872177
-71.0
-74.09774
-71.0
-73.478195
-65.0
-71.782562
-82.0
-73.82605
-70.0
-73.060844
-79.0
-74.24868
-83.0
-78.483276
-87.0
-80.186623
-82.0
-80.549301
-78.0
-80.039444
-83.0
-80.631554
-83.0
-81.10524
-68.0
-78.484192
-83.0
-79.387352
-71.0
-77.709885
-73.0
-76.767906
-71.0
-75.614326
-72.0
-74.891464
-72.0
-74.313171
-68.0
-73.050537
-72.0
-72.840431
-69.0
-72.07235
-72.0
-72.057877
-72.0
-72.046303
-72.0
-72.037041
-68.0
-71.229637
-84.0
-73.783714
-83.0
-75.626976
-82.0
-76.901581
-81.0
-77.721268
-81.0
-78.377014
-84.0
-79.50161
-72.0
-78.001289
-84.0
-79.201035
-78.0
-78.960831
-72.0
-77.568665
-82.0
-78.454933
-73.0
-77.363945
-72.0
-76.291153
-84.0
-77.832924
-69.0
-76.066338
-83.0
-77.453072
-83.0
-78.562462
-83.0
-79.449974
-83.0
-80.159981
-72.0
-78.527985
-72.0
-77.222389
-84.0
-78.577911
-82.0
-79.262329
-72.0
-77.80986
-72.0
-76.647888
-72.0
-75.718307
-72.0
-74.974648
-72.0
-74.379715
-68.0
-73.103775
-72.0
-72.883018
-75.0
-84.06707
-75.0
-82.253654
-75.0
-80.802925
-74.0
-79.442345
-74.0
-78.353874
-75.0
-77.683105
-75.0
-77.146484
-74.0
-76.517189
-75.0
-76.213753
-75.0
-75.971008
-91.0
-78.976807
-91.0
-81.381447
-75.0
-80.105156
-75.0
-79.084129
-89.0
-81.067307
-75.0
-79.853844
-75.0
-78.88308
-90.0
-81.106468
-75.0
-79.885178
-88.0
-81.508141
-76.0
-80.406509
-74.0
-79.125214
-88.0
-80.900169
-75.0
-79.720139
-75.0
-78.776115
-89.0
-80.820892
-90.0
-82.656715
-73.0
-80.725372
-74.0
-79.380302
-87.0
-80.904243
-87.0
-82.123398
-75.0
-80.698723
-89.0
-82.358986
-75.0
-80.887192
-87.0
-82.109756
-88.0
-83.287804
-91.0
-84.830238
-74.0
-82.664192
-90.0
-84.131355
-76.0
-82.505081
-91.0
-84.204063
-74.0
-82.163254
-74.0
-80.530609
-74.0
-79.224495
-74.0
-78.179596
-74.0
-77.343681
-74.0
-76.67495
-88.0
-78.939964
-75.0
-78.151978
-88.0
-80.121582
-75.0
-72.963531
-75.0
-73.370827
-70.0
-72.696663
-69.0
-71.957329
-70.0
-71.565865
-66.0
-70.45269
-71.0
-70.562149
-75.0
-71.449722
-76.0
-72.359779
-76.0
-73.087822
-76.0
-73.670258
-70.0
-72.936211
-76.0
-73.548965
-70.0
-72.839172
-76.0
-73.471336
-76.0
-73.977066
-65.0
-72.181656
-70.0
-71.745331
-70.0
-71.396271
-66.0
-70.317017
-66.0
-69.453613
-70.0
-69.562897
-76.0
-70.850319
-70.0
-70.68026
-76.0
-71.744209
-76.0
-72.595367
-70.0
-72.076294
-75.0
-72.661041
-70.0
-72.128838
-70.0
-71.703072
-76.0
-72.562454
-76.0
-73.249962
-70.0
-72.599976
-76.0
-73.279984
-70.0
-72.623993
-66.0
-71.299194
-76.0
-72.239357
-70.0
-71.791489
-70.0
-71.433197
-66.0
-70.346558
-76.0
-71.477249
-70.0
-71.181801
-76.0
-72.145439
-76.0
-72.916351
-70.0
-72.333084
-70.0
-71.86647
-70.0
-71.493179
-77.0
-72.594543
-76.0
-73.275635
-70.0
-72.620514
-76.0
-73.947014
-70.0
-73.157616
-74.0
-73.326096
-69.0
-72.460876
-77.0
-73.368698
-70.0
-72.694962
-76.0
-73.355972
-75.0
-73.684784
-86.0
-76.147827
-70.0
-74.918266
-70.0
-73.934616
-87.0
-76.547691
-70.0
-75.238159
-75.0
-75.190529
-76.0
-75.352425
-70.0
-74.281944
-75.0
-74.42556
-76.0
-74.740448
-75.0
-74.792358
-75.0
-74.833893
-76.0
-75.067116
-79.0
-75.853691
-70.0
-74.682953
-70.0
-73.746368
-76.0
-74.197098
-70.0
-73.357681
-77.0
-74.086143
-76.0
-74.468918
-70.0
-73.575134
-70.0
-72.860107
-75.0
-73.288086
-75.0
-73.63047
-70.0
-72.904381
-75.0
-73.323509
-75.0
-73.658813
-70.0
-72.927055
-75.0
-73.341644
-76.0
-73.873314
-87.0
-76.49865
-75.0
-76.198921
-70.0
-74.959137
-75.0
-74.967316
-75.0
-74.973854
-76.0
-75.179085
-70.0
-74.143272
-76.0
-74.514618
-69.0
-73.411697
-75.0
-73.729362
-75.0
-73.98349
-70.0
-73.186798
-73.0
-72.602501
-74.0
-72.882004
-72.0
-72.705605
-72.0
-72.564484
-73.0
-72.651588
-72.0
-72.521271
-72.0
-72.417015
-73.0
-72.533615
-72.0
-72.426895
-72.0
-72.341515
-73.0
-72.473213
-72.0
-72.378571
-73.0
-72.502861
-72.0
-72.40229
-72.0
-72.321831
-73.0
-72.457466
-69.0
-71.765976
-73.0
-72.012779
-73.0
-72.210228
-73.0
-72.368187
-73.0
-72.494553
-72.0
-72.395645
-73.0
-72.516518
-72.0
-72.413216
-71.0
-72.130569
-71.0
-71.904457
-73.0
-72.123566
-72.0
-72.098854
-74.0
-72.479088
-72.0
-72.38327
-74.0
-72.706619
-71.0
-72.365295
-73.0
-72.492241
-69.0
-71.793793
-73.0
-72.035034
-73.0
-72.228027
-73.0
-72.382423
-73.0
-72.505943
-73.0
-72.604759
-73.0
-72.683807
-72.0
-72.547043
-73.0
-72.637634
-73.0
-72.710106
-73.0
-72.768089
-73.0
-72.814476
-72.0
-72.651581
-72.0
-72.521263
-73.0
-72.617012
-71.0
-72.29361
-73.0
-72.434891
-79.0
-79.697578
-80.0
-79.758064
-79.0
-79.606453
-81.0
-79.885162
-78.0
-79.508133
-78.0
-79.206505
-81.0
-79.565201
-79.0
-79.452164
-79.0
-79.361732
-82.0
-79.889389
-79.0
-79.71151
-80.0
-79.769211
-79.0
-79.615372
-79.0
-79.492302
-79.0
-79.393845
-81.0
-79.715073
-81.0
-79.972061
-79.0
-79.777649
-82.0
-80.222122
-79.0
-79.977699
-79.0
-79.782158
-81.0
-80.025726
-79.0
-79.820587
-79.0
-79.656471
-80.0
-79.725182
-81.0
-79.980148
-80.0
-79.984123
-79.0
-79.7873
-79.0
-79.629845
-81.0
-79.903877
-79.0
-79.723106
-80.0
-79.778488
-79.0
-79.622795
-80.0
-79.698242
-80.0
-79.758598
-81.0
-80.006882
-81.0
-80.205505
-82.0
-80.564407
-81.0
-80.651527
-80.0
-80.521225
-79.0
-80.216988
-80.0
-80.173592
-80.0
-80.138878
-80.0
-80.111107
-79.0
-79.888893
-80.0
-79.911118
-81.0
-80.128891
-80.0
-80.103111
-79.0
-79.882492
-81.0
-80.105995
-74.0
-76.198936
-74.0
-75.759148
-81.0
-76.80732
-74.0
-76.245857
-74.0
-75.796684
-74.0
-75.437347
-74.0
-75.149879
-74.0
-74.919907
-84.0
-76.735924
-74.0
-76.188744
-74.0
-75.750999
-86.0
-77.800797
-74.0
-77.040642
-87.0
-79.032516
-74.0
-78.026016
-74.0
-77.220818
-84.0
-78.576653
-74.0
-77.661324
-73.0
-76.729057
-74.0
-76.18325
-77.0
-76.346603
-85.0
-78.077286
-74.0
-77.261833
-74.0
-76.609467
-73.0
-75.887573
-86.0
-77.910057
-85.0
-79.328049
-85.0
-80.46244
-85.0
-81.369957
-86.0
-82.295967
-74.0
-80.63678
-86.0
-81.709419
-84.0
-82.167542
-74.0
-80.534035
-85.0
-81.427231
-74.0
-79.941788
-74.0
-78.753433
-74.0
-77.80275
-74.0
-77.042198
-85.0
-78.633759
-75.0
-77.907013
-75.0
-77.325615
-84.0
-78.660492
-75.0
-77.928398
-73.0
-76.942719
-75.0
-76.554176
-86.0
-78.443344
-86.0
-79.954674
-74.0
-78.763741
-73.0
-77.610992
