-0.02
-0.02
-0.02
-0.03
-0.03
-0.03
-0.03
-0.04
-0.04
-0.04
-0.04
-0.05
-0.05
-0.05
-0.05
-0.05
-0.05
-0.05
-0.05
-0.05
-0.05
-0.05
-0.05
-0.04
-0.04
-0.04
-0.04
-0.04
-0.04
-0.04
-0.04
-0.04
-0.04
-0.04
-0.04
-0.04
-0.05
-0.05
-0.06
-0.06
-0.07
-0.07
-0.07
-0.08
-0.08
-0.08
-0.09
-0.08
-0.08
-0.08
-0.08
-0.07
-0.07
-0.06
-0.06
-0.06
-0.05
-0.05
-0.05
-0.04
-0.04
-0.04
-0.04
-0.03
-0.03
-0.03
-0.02
-0.02
-0.01
-0.0
0.0
0.01
0.02
0.03
0.04
0.05
0.05
0.06
0.07
0.07
0.08
0.08
0.08
0.08
0.07
0.07
0.06
0.06
0.05
0.04
0.03
0.01
-0.0
-0.02
-0.03
-0.05
-0.06
-0.08
-0.1
-0.11
-0.13
-0.14
-0.15
-0.16
-0.17
-0.18
-0.19
-0.19
-0.19
-0.2
-0.2
-0.2
-0.2
-0.19
-0.19
-0.19
-0.18
-0.18
-0.17
-0.16
-0.15
-0.14
-0.13
-0.11
-0.1
-0.08
-0.06
-0.04
-0.02
-0.0
0.01
0.02
0.04
0.05
0.05
0.06
0.06
0.06
0.06
0.06
0.05
0.05
0.05
0.05
0.04
0.04
0.04
0.05
0.05
0.05
0.06
0.06
0.07
0.07
0.08
0.08
0.08
0.08
0.08
0.07
0.06
0.05
0.05
0.04
0.03
0.02
0.01
0.01
0.01
0.0
0.0
0.0
0.0
0.0
0.0
0.01
0.01
0.01
0.01
0.01
0.01
0.01
0.01
0.0
-0.0
-0.01
-0.02
-0.02
-0.03
-0.04
-0.05
-0.05
-0.06
-0.06
-0.07
-0.07
-0.07
-0.08
-0.08
-0.08
-0.09
-0.1
-0.1
-0.11
-0.12
-0.13
-0.14
-0.14
-0.15
-0.15
-0.16
-0.16
-0.16
-0.16
-0.16
-0.15
-0.14
-0.13
-0.12
-0.11
-0.09
-0.07
-0.06
-0.04
-0.02
-0.01
0.0
0.02
0.03
0.04
0.05
0.05
0.06
0.07
0.07
0.07
0.07
0.07
0.07
0.07
0.06
0.06
0.05
0.04
0.03
0.02
0.02
0.01
0.0
-0.0
-0.01
-0.01
-0.01
-0.02
-0.02
-0.02
-0.03
-0.03
-0.03
-0.04
-0.04
-0.05
-0.05
-0.06
-0.06
-0.06
-0.07
-0.07
-0.07
-0.07
-0.07
-0.07
-0.07
-0.07
-0.07
-0.06
-0.06
-0.06
-0.05
-0.04
-0.03
-0.03
-0.02
-0.01
-0.0
0.01
0.01
0.02
0.02
0.03
0.03
0.03
0.03
0.03
0.02
0.02
0.02
0.01
0.01
-0.0
-0.01
-0.02
-0.03
-0.04
-0.05
-0.05
-0.06
-0.07
-0.08
-0.09
-0.09
-0.1
-0.11
-0.11
-0.11
-0.12
-0.12
-0.12
-0.12
-0.12
-0.12
-0.11
-0.11
-0.11
-0.11
-0.11
-0.11
-0.11
-0.11
-0.11
-0.11
-0.11
-0.1
-0.1
-0.1
-0.09
-0.09
-0.08
-0.08
-0.07
-0.07
-0.06
-0.05
-0.05
-0.04
-0.03
-0.03
-0.02
-0.01
-0.0
0.0
0.01
0.02
0.02
0.02
0.02
0.02
0.01
0.0
-0.02
-0.04
-0.06
-0.09
-0.12
-0.15
-0.18
-0.21
-0.24
-0.27
-0.28
-0.3
-0.3
-0.3
-0.29
-0.27
-0.24
-0.21
-0.17
-0.14
-0.1
-0.07
-0.04
-0.01
0.0
0.02
0.02
0.02
0.01
-0.01
-0.02
-0.04
-0.06
-0.08
-0.09
-0.1
-0.1
-0.1
-0.09
-0.07
-0.05
-0.02
0.02
0.06
0.11
0.16
0.21
0.27
0.32
0.37
0.41
0.45
0.48
0.51
0.53
0.55
0.57
0.58
0.6
0.61
0.63
0.64
0.66
0.67
0.69
0.7
0.71
0.72
0.73
0.73
0.73
0.74
0.73
0.73
0.72
0.71
0.69
0.66
0.62
0.56
0.49
0.4
0.3
0.19
0.06
-0.08
-0.23
-0.37
-0.52
-0.66
-0.8
-0.92
-1.03
-1.13
-1.2
-1.27
-1.31
-1.35
-1.37
-1.37
-1.37
-1.35
-1.32
-1.29
-1.25
-1.2
-1.15
-1.1
-1.04
-0.98
-0.91
-0.85
-0.78
-0.71
-0.64
-0.56
-0.49
-0.42
-0.34
-0.26
-0.18
-0.11
-0.03
0.05
0.12
0.19
0.25
0.31
0.37
0.42
0.47
0.51
0.55
0.59
0.62
0.66
0.69
0.72
0.75
0.78
0.81
0.84
0.87
0.89
0.92
0.94
0.95
0.96
0.97
0.96
0.96
0.94
0.93
0.92
0.91
0.9
0.88
0.87
0.85
0.81
0.76
0.69
0.6
0.49
0.35
0.19
0.02
-0.17
-0.36
-0.55
-0.73
-0.9
-1.05
-1.18
-1.29
-1.38
-1.45
-1.5
-1.53
-1.55
-1.55
-1.55
-1.54
-1.52
-1.49
-1.46
-1.43
-1.39
-1.34
-1.29
-1.23
-1.17
-1.1
-1.02
-0.94
-0.85
-0.76
-0.66
-0.56
-0.46
-0.36
-0.26
-0.16
-0.06
0.03
0.12
0.21
0.29
0.37
0.44
0.5
0.57
0.63
0.69
0.76
0.82
0.89
0.96
1.03
1.09
1.16
1.23
1.29
1.36
1.42
1.48
1.55
1.61
1.67
1.72
1.77
1.81
1.83
1.84
1.83
1.8
1.75
1.66
1.56
1.42
1.26
1.08
0.88
0.67
0.45
0.23
0.0
-0.22
-0.43
-0.64
-0.83
-1.02
-1.18
-1.33
-1.46
-1.57
-1.66
-1.73
-1.79
-1.82
-1.84
-1.84
-1.83
-1.8
-1.77
-1.73
-1.68
-1.63
-1.57
-1.5
-1.43
-1.35
-1.27
-1.18
-1.09
-0.99
-0.88
-0.77
-0.65
-0.53
-0.41
-0.29
-0.17
-0.05
0.07
0.18
0.29
0.4
0.5
0.61
0.71
0.81
0.9
0.99
1.08
1.17
1.25
1.32
1.38
1.44
1.48
1.52
1.55
1.57
1.57
1.56
1.54
1.49
1.43
1.35
1.24
1.12
0.98
0.82
0.65
0.47
0.28
0.08
-0.11
-0.3
-0.49
-0.66
-0.82
-0.96
-1.09
-1.21
-1.3
-1.39
-1.45
-1.5
-1.54
-1.57
-1.58
-1.58
-1.57
-1.55
-1.52
-1.49
-1.44
-1.39
-1.33
-1.26
-1.2
-1.12
-1.04
-0.96
-0.88
-0.79
-0.7
-0.6
-0.5
-0.39
-0.29
-0.18
-0.08
0.03
0.13
0.22
0.31
0.4
0.48
0.55
0.62
0.69
0.74
0.8
0.85
0.9
0.96
1.02
1.08
1.15
1.23
1.31
1.4
1.48
1.56
1.63
1.68
1.71
1.72
1.71
1.66
1.58
1.48
1.34
1.18
0.99
0.78
0.56
0.33
0.1
-0.13
-0.36
-0.57
-0.77
-0.94
-1.1
-1.23
-1.34
-1.43
-1.5
-1.55
-1.58
-1.59
-1.59
-1.57
-1.55
-1.52
-1.47
-1.43
-1.38
-1.32
-1.27
-1.21
-1.15
-1.09
-1.02
-0.96
-0.89
-0.82
-0.75
-0.68
-0.61
-0.54
-0.46
-0.39
-0.31
-0.23
-0.15
-0.06
0.03
0.12
0.21
0.3
0.39
0.48
0.56
0.64
0.72
0.79
0.86
0.93
1.01
1.08
1.16
1.23
1.3
1.35
1.4
1.42
1.42
1.39
1.34
1.25
1.15
1.02
0.87
0.72
0.55
0.39
0.23
0.09
-0.04
-0.16
-0.26
-0.34
-0.41
-0.46
-0.51
-0.54
-0.57
-0.6
-0.64
-0.67
-0.7
-0.73
-0.76
-0.8
-0.83
-0.86
-0.88
-0.9
-0.91
-0.92
-0.91
-0.9
-0.88
-0.85
-0.82
-0.78
-0.73
-0.67
-0.61
-0.55
-0.48
-0.41
-0.34
-0.26
-0.18
-0.09
0.01
0.1
0.21
0.31
0.42
0.52
0.63
0.73
0.83
0.93
1.03
1.12
1.22
1.31
1.4
1.48
1.56
1.63
1.68
1.71
1.71
1.7
1.65
1.58
1.48
1.36
1.22
1.05
0.87
0.68
0.49
0.29
0.09
-0.11
-0.3
-0.48
-0.66
-0.82
-0.97
-1.1
-1.22
-1.32
-1.41
-1.48
-1.53
-1.57
-1.59
-1.6
-1.6
-1.58
-1.55
-1.52
-1.47
-1.42
-1.35
-1.28
-1.21
-1.13
-1.04
-0.95
-0.86
-0.77
-0.68
-0.59
-0.5
-0.42
-0.34
-0.26
-0.18
-0.1
-0.02
0.07
0.16
0.25
0.35
0.45
0.55
0.65
0.75
0.85
0.94
1.03
1.12
1.21
1.3
1.38
1.46
1.53
1.58
1.62
1.64
1.62
1.58
1.5
1.39
1.26
1.1
0.92
0.72
0.52
0.32
0.12
-0.06
-0.23
-0.39
-0.52
-0.64
-0.75
-0.83
-0.91
-0.97
-1.02
-1.07
-1.11
-1.15
-1.18
-1.21
-1.24
-1.26
-1.28
-1.29
-1.3
-1.29
-1.28
-1.26
-1.23
-1.19
-1.14
-1.08
-1.0
-0.92
-0.82
-0.72
-0.61
-0.5
-0.39
-0.27
-0.15
-0.04
0.08
0.2
0.32
0.43
0.54
0.65
0.75
0.84
0.93
1.0
1.07
1.13
1.18
1.23
1.28
1.33
1.37
1.42
1.46
1.49
1.51
1.51
1.5
1.45
1.39
1.29
1.18
1.03
0.87
0.7
0.51
0.32
0.13
-0.06
-0.24
-0.41
-0.57
-0.71
-0.84
-0.95
-1.05
-1.12
-1.18
-1.23
-1.26
-1.28
-1.29
-1.29
-1.27
-1.26
-1.23
-1.2
-1.16
-1.12
-1.07
-1.01
-0.95
-0.88
-0.81
-0.74
-0.66
-0.57
-0.49
-0.4
-0.31
-0.22
-0.14
-0.05
0.03
0.11
0.19
0.26
0.33
0.4
0.47
0.53
0.6
0.66
0.71
0.77
0.81
0.86
0.89
0.93
0.96
0.98
1.0
1.03
1.05
1.08
1.1
1.12
1.14
1.14
1.13
1.1
1.05
0.98
0.89
0.77
0.63
0.48
0.31
0.13
-0.05
-0.23
-0.41
-0.58
-0.73
-0.88
-1.01
-1.12
-1.22
-1.29
-1.36
-1.41
-1.44
-1.47
-1.48
-1.48
-1.47
-1.45
-1.43
-1.39
-1.35
-1.3
-1.24
-1.17
-1.1
-1.02
-0.93
-0.83
-0.72
-0.62
-0.51
-0.39
-0.28
-0.17
-0.05
0.06
0.16
0.27
0.37
0.46
0.55
0.64
0.71
0.78
0.84
0.9
0.94
0.98
1.01
1.03
1.05
1.07
1.1
1.12
1.14
1.17
1.2
1.22
1.23
1.24
1.23
1.2
1.15
1.07
0.98
0.86
0.72
0.56
0.39
0.2
0.01
-0.18
-0.37
-0.55
-0.73
-0.89
-1.05
-1.19
-1.31
-1.42
-1.51
-1.59
-1.65
-1.7
-1.73
-1.75
-1.76
-1.75
-1.73
-1.69
-1.65
-1.59
-1.52
-1.44
-1.36
-1.26
-1.16
-1.04
-0.93
-0.8
-0.67
-0.54
-0.41
-0.27
-0.14
-0.01
0.12
0.24
0.36
0.48
0.59
0.7
0.8
0.89
0.98
1.06
1.14
1.2
1.26
1.31
1.36
1.4
1.44
1.47
1.5
1.52
1.54
1.55
1.54
1.51
1.47
1.4
1.3
1.18
1.03
0.86
0.67
0.47
0.26
0.05
-0.16
-0.36
-0.54
-0.72
-0.87
-1.0
-1.12
-1.21
-1.29
-1.35
-1.4
-1.43
-1.45
-1.46
-1.46
-1.45
-1.43
-1.4
-1.36
-1.31
-1.25
-1.19
-1.12
-1.05
-0.97
-0.88
-0.79
-0.7
-0.61
-0.52
-0.42
-0.33
-0.25
-0.16
-0.08
0.0
0.08
0.15
0.22
0.29
0.35
0.42
0.48
0.54
0.6
0.65
0.7
0.74
0.79
0.83
0.88
0.93
0.99
1.06
1.14
1.22
1.31
1.39
1.46
1.52
1.56
1.57
1.55
1.51
1.44
1.34
1.22
1.08
0.93
0.77
0.6
0.44
0.28
0.13
-0.01
-0.14
-0.27
-0.38
-0.49
-0.59
-0.69
-0.78
-0.87
-0.95
-1.02
-1.1
-1.16
-1.23
-1.28
-1.33
-1.37
-1.4
-1.43
-1.43
-1.43
-1.41
-1.38
-1.33
-1.27
-1.19
-1.1
-1.0
-0.88
-0.76
-0.63
-0.5
-0.37
-0.24
-0.11
0.01
0.12
0.23
0.34
0.44
0.53
0.62
0.71
0.79
0.86
0.94
1.02
1.1
1.18
1.26
1.35
1.43
1.51
1.57
1.62
1.64
1.64
1.61
1.54
1.44
1.31
1.14
0.95
0.73
0.51
0.27
0.03
-0.2
-0.42
-0.62
-0.81
-0.96
-1.1
-1.21
-1.29
-1.36
-1.4
-1.43
-1.45
-1.45
-1.45
-1.44
-1.42
-1.39
-1.35
-1.31
-1.26
-1.2
-1.13
-1.05
-0.97
-0.88
-0.78
-0.69
-0.58
-0.48
-0.38
-0.28
-0.18
-0.09
-0.0
0.08
0.15
0.22
0.29
0.35
0.41
0.47
0.52
0.58
0.64
0.69
0.75
0.8
0.86
0.92
0.98
1.05
1.12
1.2
1.28
1.36
1.44
1.5
1.55
1.58
1.59
1.56
1.51
1.42
1.29
1.14
0.96
0.77
0.56
0.34
0.12
-0.09
-0.3
-0.5
-0.68
-0.84
-0.98
-1.11
-1.21
-1.3
-1.36
-1.41
-1.44
-1.45
-1.44
-1.43
-1.4
-1.36
-1.31
-1.26
-1.2
-1.14
-1.07
-1.01
-0.94
-0.88
-0.81
-0.75
-0.68
-0.61
-0.55
-0.48
-0.42
-0.35
-0.28
-0.21
-0.14
-0.07
0.01
0.09
0.17
0.26
0.35
0.44
0.53
0.62
0.71
0.8
0.88
0.96
1.03
1.1
1.17
1.23
1.3
1.36
1.43
1.48
1.53
1.57
1.58
1.58
1.54
1.47
1.38
1.24
1.08
0.88
0.66
0.43
0.18
-0.08
-0.32
-0.56
-0.78
-0.98
-1.15
-1.3
-1.41
-1.5
-1.55
-1.58
-1.59
-1.58
-1.55
-1.51
-1.45
-1.39
-1.33
-1.26
-1.19
-1.11
-1.04
-0.97
-0.9
-0.84
-0.78
-0.72
-0.66
-0.6
-0.53
-0.47
-0.4
-0.33
-0.26
-0.18
-0.1
-0.01
0.07
0.16
0.25
0.34
0.43
0.51
0.58
0.65
0.7
0.75
0.77
0.79
0.8
0.79
0.78
0.75
0.73
0.7
0.68
0.65
0.64
0.62
0.62
0.62
0.64
0.66
0.69
0.72
0.76
0.8
0.83
0.85
0.86
0.86
0.83
0.78
0.7
0.6
0.48
0.34
0.18
0.02
-0.15
-0.32
-0.48
-0.64
-0.78
-0.9
-1.01
-1.09
-1.16
-1.2
-1.22
-1.22
-1.21
-1.19
-1.15
-1.11
-1.06
-1.01
-0.96
-0.9
-0.85
-0.79
-0.73
-0.67
-0.61
-0.54
-0.47
-0.39
-0.32
-0.24
-0.16
-0.08
0.0
0.08
0.16
0.24
0.31
0.38
0.44
0.49
0.53
0.57
0.59
0.6
0.6
0.59
0.57
0.54
0.51
0.47
0.44
0.4
0.37
0.35
0.32
0.3
0.28
0.26
0.23
0.21
0.18
0.14
0.1
0.05
0.0
-0.06
-0.12
-0.18
-0.24
-0.31
-0.37
-0.43
-0.48
-0.52
-0.56
-0.59
-0.61
-0.62
-0.61
-0.6
-0.58
-0.55
-0.52
-0.48
-0.44
-0.39
-0.34
-0.29
-0.24
-0.19
-0.14
-0.09
-0.05
-0.01
0.03
0.07
0.1
0.13
0.16
0.19
0.21
0.24
0.26
0.27
0.29
0.3
0.31
0.32
0.33
0.33
0.33
0.32
0.32
0.31
0.3
0.29
0.28
0.27
0.25
0.24
0.22
0.2
0.18
0.16
0.14
0.11
0.09
0.06
0.04
0.01
-0.02
-0.04
-0.07
-0.1
-0.12
-0.15
-0.17
-0.19
-0.2
-0.21
-0.22
-0.23
-0.23
-0.23
-0.22
-0.21
-0.2
-0.18
-0.17
-0.15
-0.13
-0.12
-0.1
-0.08
-0.07
-0.06
-0.05
-0.04
-0.03
-0.03
-0.02
-0.02
-0.02
-0.01
-0.01
-0.01
-0.01
-0.01
-0.01
-0.01
-0.01
-0.01
-0.01
-0.01
-0.01
-0.01
-0.01
-0.0
-0.0
0.0
0.01
0.02
0.02
0.03
0.03
0.04
0.05
0.05
0.05
0.06
0.06
0.06
0.06
0.06
0.06
0.06
0.06
0.05
0.05
0.05
0.04
0.04
0.04
0.04
0.04
0.04
0.04
0.04
0.04
0.04
0.04
0.04
0.04
0.04
0.04
0.04
0.03
0.03
0.02
0.02
0.01
0.01
-0.0
-0.01
-0.01
-0.02
-0.03
-0.03
-0.04
-0.05
-0.05
-0.06
-0.07
-0.07
-0.08
-0.08
-0.09
-0.09
-0.09
-0.1
-0.1
-0.1
-0.1
-0.11
-0.11
-0.11
-0.11
-0.11
-0.11
-0.11
-0.11
-0.11
-0.1
-0.09
-0.09
-0.08
-0.07
-0.06
-0.05
-0.04
-0.02
-0.01
0.01
0.02
0.03
0.04
0.05
0.06
0.07
0.07
0.07
0.08
0.08
0.07
0.07
0.07
0.06
0.06
0.05
0.04
0.04
0.03
0.02
0.01
0.0
-0.0
-0.01
-0.01
-0.02
-0.03
-0.03
-0.03
-0.04
-0.04
-0.05
-0.05
-0.05
-0.05
-0.05
-0.05
-0.05
-0.05
-0.05
-0.04
-0.04
-0.03
-0.03
-0.02
-0.02
-0.01
-0.01
-0.01
-0.01
-0.0
-0.0
-0.0
-0.0
-0.0
-0.0
-0.0
-0.0
0.0
0.0
0.01
0.01
0.02
0.02
0.02
0.03
0.03
0.03
0.04
0.04
0.04
0.03
0.03
0.03
0.02
0.02
0.01
0.01
0.0
-0.0
-0.0
-0.01
-0.01
-0.01
-0.01
-0.01
-0.02
-0.02
-0.02
-0.02
-0.02
-0.02
-0.01
-0.01
-0.01
-0.01
-0.0
-0.0
0.0
0.0
0.01
0.01
0.01
0.01
0.01
0.01
0.02
0.02
0.01
0.01
0.01
0.01
0.0
0.0
-0.0
-0.01
-0.01
-0.02
-0.03
-0.03
-0.04
-0.05
-0.06
-0.06
-0.07
-0.07
-0.08
-0.08
-0.08
-0.08
-0.08
-0.08
-0.08
-0.07
