0.03
0.05
0.04
0.03
0.01
0.0
-0.01
-0.03
-0.04
-0.05
-0.07
-0.08
-0.09
-0.11
-0.12
-0.12
-0.13
-0.13
-0.14
-0.14
-0.13
-0.13
-0.12
-0.11
-0.1
-0.09
-0.08
-0.07
-0.06
-0.05
-0.04
-0.04
-0.04
-0.03
-0.03
-0.04
-0.04
-0.04
-0.05
-0.05
-0.06
-0.07
-0.07
-0.08
-0.09
-0.09
-0.1
-0.1
-0.11
-0.11
-0.11
-0.12
-0.12
-0.12
-0.12
-0.12
-0.12
-0.12
-0.13
-0.13
-0.13
-0.13
-0.12
-0.12
-0.12
-0.12
-0.11
-0.1
-0.1
-0.09
-0.08
-0.07
-0.06
-0.05
-0.04
-0.04
-0.03
-0.02
-0.02
-0.02
-0.02
-0.02
-0.03
-0.03
-0.04
-0.04
-0.05
-0.06
-0.06
-0.07
-0.07
-0.07
-0.08
-0.08
-0.08
-0.08
-0.08
-0.08
-0.08
-0.08
-0.08
-0.08
-0.08
-0.08
-0.08
-0.08
-0.09
-0.09
-0.09
-0.1
-0.1
-0.1
-0.1
-0.1
-0.1
-0.1
-0.1
-0.09
-0.09
-0.09
-0.09
-0.08
-0.08
-0.08
-0.08
-0.07
-0.07
-0.07
-0.07
-0.07
-0.06
-0.06
-0.06
-0.06
-0.06
-0.06
-0.06
-0.06
-0.07
-0.07
-0.07
-0.08
-0.08
-0.09
-0.09
-0.09
-0.09
-0.09
-0.09
-0.08
-0.07
-0.07
-0.06
-0.05
-0.04
-0.03
-0.02
-0.02
-0.01
-0.01
-0.01
-0.01
-0.01
-0.02
-0.02
-0.03
-0.04
-0.04
-0.05
-0.06
-0.07
-0.07
-0.08
-0.08
-0.07
-0.07
-0.06
-0.06
-0.05
-0.03
-0.02
-0.01
0.0
0.01
0.02
0.03
0.03
0.04
0.04
0.04
0.03
0.03
0.02
0.01
0.0
-0.01
-0.02
-0.03
-0.04
-0.05
-0.06
-0.07
-0.07
-0.08
-0.09
-0.1
-0.11
-0.12
-0.13
-0.14
-0.15
-0.16
-0.17
-0.18
-0.19
-0.2
-0.21
-0.21
-0.22
-0.22
-0.22
-0.21
-0.2
-0.2
-0.18
-0.17
-0.16
-0.14
-0.13
-0.11
-0.1
-0.09
-0.08
-0.07
-0.06
-0.05
-0.04
-0.04
-0.03
-0.03
-0.02
-0.02
-0.02
-0.02
-0.02
-0.01
-0.01
-0.01
-0.01
-0.01
-0.01
-0.01
-0.01
-0.01
-0.01
-0.01
-0.01
-0.01
-0.01
-0.01
-0.01
-0.01
-0.01
-0.01
-0.02
-0.02
-0.03
-0.03
-0.04
-0.05
-0.06
-0.07
-0.07
-0.08
-0.09
-0.1
-0.11
-0.11
-0.12
-0.12
-0.13
-0.13
-0.14
-0.14
-0.15
-0.15
-0.15
-0.15
-0.15
-0.14
-0.14
-0.13
-0.11
-0.1
-0.08
-0.06
-0.04
-0.03
-0.01
0.01
0.02
0.03
0.03
0.03
0.03
0.02
0.01
-0.0
-0.02
-0.03
-0.05
-0.06
-0.08
-0.09
-0.1
-0.12
-0.13
-0.14
-0.15
-0.17
-0.18
-0.19
-0.21
-0.22
-0.24
-0.25
-0.27
-0.28
-0.3
-0.32
-0.34
-0.36
-0.38
-0.41
-0.45
-0.49
-0.52
-0.56
-0.6
-0.62
-0.65
-0.66
-0.65
-0.64
-0.61
-0.56
-0.5
-0.43
-0.35
-0.26
-0.17
-0.08
0.01
0.1
0.17
0.24
0.29
0.32
0.34
0.35
0.34
0.31
0.28
0.23
0.18
0.12
0.06
0.0
-0.05
-0.1
-0.15
-0.18
-0.21
-0.24
-0.25
-0.26
-0.26
-0.25
-0.24
-0.21
-0.18
-0.14
-0.09
-0.03
0.04
0.11
0.2
0.29
0.39
0.49
0.59
0.69
0.79
0.88
0.96
1.03
1.09
1.14
1.17
1.18
1.19
1.18
1.16
1.14
1.11
1.07
1.02
0.97
0.92
0.87
0.81
0.75
0.69
0.63
0.56
0.49
0.4
0.31
0.21
0.1
-0.02
-0.15
-0.28
-0.42
-0.57
-0.71
-0.84
-0.97
-1.09
-1.2
-1.29
-1.36
-1.42
-1.46
-1.49
-1.5
-1.49
-1.47
-1.45
-1.41
-1.37
-1.32
-1.27
-1.21
-1.16
-1.11
-1.05
-1.0
-0.95
-0.9
-0.85
-0.8
-0.75
-0.7
-0.64
-0.59
-0.54
-0.48
-0.42
-0.35
-0.28
-0.21
-0.13
-0.05
0.03
0.12
0.21
0.3
0.38
0.47
0.54
0.61
0.68
0.74
0.79
0.84
0.88
0.91
0.94
0.96
0.98
0.99
1.0
1.0
1.01
1.02
1.03
1.04
1.06
1.08
1.09
1.1
1.1
1.08
1.04
0.98
0.89
0.77
0.63
0.47
0.29
0.09
-0.11
-0.32
-0.52
-0.71
-0.89
-1.06
-1.2
-1.32
-1.43
-1.51
-1.58
-1.63
-1.67
-1.69
-1.7
-1.71
-1.7
-1.69
-1.67
-1.65
-1.62
-1.58
-1.54
-1.49
-1.44
-1.38
-1.31
-1.23
-1.15
-1.05
-0.95
-0.84
-0.72
-0.6
-0.48
-0.35
-0.22
-0.09
0.04
0.17
0.29
0.42
0.54
0.65
0.77
0.87
0.97
1.05
1.13
1.19
1.24
1.28
1.31
1.34
1.35
1.36
1.37
1.38
1.39
1.4
1.4
1.4
1.4
1.39
1.36
1.32
1.26
1.18
1.08
0.96
0.82
0.66
0.48
0.3
0.1
-0.09
-0.29
-0.48
-0.67
-0.85
-1.01
-1.17
-1.31
-1.43
-1.54
-1.64
-1.71
-1.77
-1.82
-1.84
-1.85
-1.84
-1.82
-1.78
-1.73
-1.68
-1.61
-1.53
-1.45
-1.37
-1.28
-1.19
-1.1
-1.01
-0.92
-0.83
-0.75
-0.67
-0.59
-0.51
-0.43
-0.36
-0.27
-0.19
-0.1
-0.0
0.1
0.21
0.33
0.45
0.57
0.69
0.81
0.93
1.04
1.15
1.25
1.34
1.42
1.48
1.53
1.57
1.58
1.58
1.55
1.49
1.4
1.29
1.14
0.97
0.77
0.54
0.29
0.03
-0.23
-0.5
-0.77
-1.02
-1.26
-1.47
-1.65
-1.8
-1.93
-2.01
-2.07
-2.1
-2.1
-2.08
-2.03
-1.96
-1.88
-1.78
-1.66
-1.53
-1.4
-1.25
-1.1
-0.94
-0.78
-0.62
-0.46
-0.3
-0.15
-0.01
0.12
0.24
0.35
0.45
0.54
0.62
0.69
0.75
0.8
0.85
0.89
0.93
0.96
1.0
1.02
1.05
1.08
1.1
1.13
1.16
1.19
1.22
1.26
1.3
1.34
1.37
1.39
1.41
1.41
1.38
1.34
1.27
1.18
1.06
0.92
0.76
0.58
0.39
0.19
-0.02
-0.22
-0.42
-0.61
-0.8
-0.97
-1.13
-1.27
-1.4
-1.5
-1.59
-1.66
-1.71
-1.73
-1.74
-1.73
-1.71
-1.66
-1.61
-1.54
-1.47
-1.38
-1.29
-1.19
-1.09
-0.98
-0.87
-0.76
-0.65
-0.54
-0.43
-0.33
-0.22
-0.12
-0.02
0.08
0.17
0.27
0.36
0.45
0.54
0.62
0.7
0.77
0.84
0.9
0.96
1.01
1.05
1.09
1.12
1.15
1.18
1.2
1.2
1.2
1.17
1.13
1.05
0.95
0.82
0.66
0.48
0.27
0.04
-0.2
-0.44
-0.69
-0.92
-1.14
-1.33
-1.5
-1.65
-1.76
-1.85
-1.9
-1.94
-1.94
-1.93
-1.89
-1.84
-1.78
-1.7
-1.61
-1.5
-1.39
-1.27
-1.15
-1.01
-0.88
-0.74
-0.6
-0.46
-0.32
-0.19
-0.07
0.05
0.16
0.26
0.35
0.43
0.5
0.56
0.62
0.67
0.72
0.77
0.81
0.86
0.9
0.94
0.98
1.02
1.06
1.1
1.13
1.18
1.22
1.26
1.31
1.37
1.42
1.48
1.53
1.57
1.6
1.62
1.61
1.58
1.52
1.43
1.31
1.16
0.99
0.79
0.57
0.34
0.09
-0.16
-0.41
-0.66
-0.89
-1.12
-1.33
-1.51
-1.68
-1.82
-1.94
-2.03
-2.1
-2.14
-2.15
-2.14
-2.11
-2.06
-2.0
-1.91
-1.82
-1.71
-1.6
-1.47
-1.35
-1.21
-1.08
-0.94
-0.8
-0.66
-0.53
-0.41
-0.29
-0.18
-0.08
0.01
0.1
0.17
0.24
0.31
0.38
0.44
0.5
0.56
0.62
0.68
0.74
0.8
0.87
0.94
1.01
1.09
1.17
1.24
1.3
1.35
1.37
1.37
1.34
1.27
1.17
1.03
0.87
0.68
0.47
0.24
0.01
-0.21
-0.43
-0.63
-0.81
-0.97
-1.11
-1.22
-1.31
-1.37
-1.42
-1.44
-1.45
-1.45
-1.44
-1.42
-1.38
-1.35
-1.3
-1.25
-1.19
-1.13
-1.06
-0.99
-0.9
-0.81
-0.71
-0.61
-0.5
-0.4
-0.29
-0.17
-0.06
0.04
0.15
0.25
0.36
0.46
0.56
0.65
0.74
0.83
0.92
0.99
1.06
1.13
1.19
1.24
1.29
1.34
1.38
1.42
1.45
1.47
1.47
1.46
1.43
1.37
1.29
1.18
1.04
0.88
0.71
0.51
0.31
0.1
-0.1
-0.3
-0.49
-0.66
-0.81
-0.94
-1.06
-1.15
-1.23
-1.29
-1.34
-1.37
-1.39
-1.4
-1.4
-1.39
-1.38
-1.36
-1.33
-1.3
-1.26
-1.22
-1.17
-1.12
-1.06
-0.99
-0.92
-0.85
-0.77
-0.68
-0.59
-0.5
-0.4
-0.3
-0.2
-0.1
-0.0
0.1
0.19
0.28
0.37
0.45
0.52
0.58
0.63
0.67
0.7
0.72
0.73
0.74
0.75
0.75
0.76
0.78
0.8
0.83
0.86
0.9
0.93
0.95
0.95
0.94
0.9
0.83
0.74
0.63
0.49
0.33
0.16
-0.02
-0.2
-0.38
-0.55
-0.7
-0.83
-0.95
-1.04
-1.11
-1.17
-1.2
-1.22
-1.23
-1.22
-1.2
-1.18
-1.15
-1.11
-1.07
-1.02
-0.97
-0.92
-0.86
-0.81
-0.75
-0.68
-0.61
-0.54
-0.47
-0.39
-0.3
-0.22
-0.13
-0.05
0.04
0.13
0.21
0.29
0.37
0.44
0.51
0.57
0.63
0.68
0.73
0.77
0.81
0.84
0.87
0.9
0.93
0.96
0.99
1.02
1.05
1.08
1.11
1.13
1.15
1.16
1.16
1.14
1.1
1.05
0.98
0.88
0.77
0.63
0.47
0.29
0.11
-0.09
-0.3
-0.5
-0.71
-0.91
-1.11
-1.29
-1.46
-1.62
-1.76
-1.88
-1.99
-2.06
-2.12
-2.15
-2.16
-2.15
-2.12
-2.06
-1.99
-1.91
-1.81
-1.7
-1.58
-1.45
-1.32
-1.18
-1.04
-0.89
-0.75
-0.6
-0.46
-0.33
-0.2
-0.08
0.03
0.14
0.23
0.31
0.39
0.46
0.52
0.57
0.62
0.67
0.71
0.75
0.79
0.83
0.86
0.89
0.92
0.94
0.95
0.97
0.98
1.0
1.01
1.02
1.04
1.05
1.05
1.04
1.02
0.98
0.92
0.84
0.73
0.6
0.45
0.27
0.09
-0.11
-0.32
-0.52
-0.71
-0.89
-1.05
-1.2
-1.32
-1.41
-1.49
-1.54
-1.57
-1.58
-1.58
-1.56
-1.53
-1.49
-1.43
-1.37
-1.3
-1.23
-1.15
-1.06
-0.97
-0.87
-0.77
-0.67
-0.57
-0.47
-0.38
-0.29
-0.21
-0.13
-0.07
-0.01
0.04
0.08
0.12
0.15
0.18
0.2
0.23
0.26
0.29
0.33
0.38
0.43
0.49
0.55
0.61
0.68
0.74
0.81
0.87
0.94
1.01
1.09
1.16
1.24
1.32
1.39
1.46
1.5
1.53
1.53
1.49
1.43
1.33
1.19
1.02
0.83
0.6
0.36
0.11
-0.14
-0.4
-0.65
-0.88
-1.1
-1.3
-1.47
-1.62
-1.75
-1.84
-1.92
-1.96
-1.98
-1.98
-1.96
-1.92
-1.87
-1.8
-1.71
-1.62
-1.52
-1.41
-1.29
-1.17
-1.04
-0.91
-0.78
-0.65
-0.52
-0.39
-0.27
-0.16
-0.05
0.05
0.14
0.22
0.3
0.36
0.43
0.49
0.55
0.6
0.66
0.71
0.77
0.83
0.88
0.94
0.99
1.04
1.08
1.11
1.14
1.17
1.19
1.21
1.22
1.23
1.23
1.22
1.19
1.15
1.08
1.0
0.88
0.75
0.6
0.43
0.25
0.06
-0.14
-0.32
-0.51
-0.68
-0.83
-0.97
-1.09
-1.2
-1.28
-1.35
-1.4
-1.44
-1.46
-1.47
-1.46
-1.45
-1.42
-1.39
-1.34
-1.29
-1.24
-1.18
-1.12
-1.05
-0.98
-0.9
-0.82
-0.74
-0.65
-0.56
-0.47
-0.38
-0.29
-0.21
-0.13
-0.06
0.0
0.06
0.11
0.16
0.21
0.25
0.29
0.34
0.39
0.45
0.51
0.57
0.64
0.72
0.8
0.88
0.96
1.05
1.14
1.23
1.31
1.39
1.47
1.52
1.57
1.58
1.58
1.54
1.47
1.37
1.23
1.06
0.86
0.63
0.39
0.14
-0.13
-0.39
-0.65
-0.89
-1.12
-1.33
-1.52
-1.69
-1.83
-1.95
-2.04
-2.11
-2.15
-2.17
-2.16
-2.13
-2.08
-2.02
-1.93
-1.83
-1.72
-1.59
-1.46
-1.32
-1.18
-1.03
-0.88
-0.74
-0.59
-0.46
-0.32
-0.2
-0.08
0.03
0.13
0.22
0.3
0.38
0.45
0.52
0.58
0.64
0.7
0.75
0.8
0.85
0.89
0.93
0.96
0.99
1.01
1.03
1.05
1.06
1.08
1.1
1.12
1.13
1.15
1.15
1.15
1.12
1.08
1.01
0.92
0.8
0.65
0.48
0.29
0.08
-0.13
-0.35
-0.56
-0.77
-0.96
-1.13
-1.28
-1.4
-1.5
-1.58
-1.64
-1.67
-1.69
-1.69
-1.67
-1.64
-1.6
-1.54
-1.48
-1.4
-1.32
-1.22
-1.12
-1.02
-0.91
-0.8
-0.69
-0.59
-0.49
-0.39
-0.3
-0.22
-0.15
-0.09
-0.04
0.0
0.04
0.07
0.1
0.13
0.17
0.2
0.24
0.28
0.33
0.39
0.45
0.51
0.58
0.66
0.73
0.81
0.89
0.96
1.04
1.11
1.17
1.24
1.29
1.35
1.39
1.44
1.47
1.5
1.51
1.51
1.49
1.44
1.37
1.28
1.16
1.02
0.85
0.66
0.46
0.25
0.03
-0.19
-0.4
-0.61
-0.8
-0.98
-1.14
-1.28
-1.4
-1.51
-1.59
-1.66
-1.71
-1.74
-1.76
-1.76
-1.75
-1.72
-1.68
-1.62
-1.56
-1.48
-1.39
-1.3
-1.19
-1.08
-0.97
-0.85
-0.74
-0.62
-0.51
-0.41
-0.31
-0.22
-0.13
-0.05
0.02
0.09
0.15
0.21
0.26
0.3
0.33
0.36
0.39
0.4
0.41
0.42
0.42
0.42
0.41
0.41
0.41
0.4
0.4
0.41
0.41
0.41
0.41
0.41
0.41
0.4
0.38
0.35
0.32
0.28
0.22
0.16
0.1
0.02
-0.05
-0.13
-0.21
-0.29
-0.37
-0.44
-0.5
-0.56
-0.61
-0.65
-0.68
-0.7
-0.71
-0.7
-0.69
-0.67
-0.64
-0.61
-0.57
-0.53
-0.49
-0.44
-0.4
-0.36
-0.32
-0.28
-0.25
-0.21
-0.18
-0.15
-0.12
-0.09
-0.07
-0.05
-0.02
-0.01
0.01
0.02
0.03
0.04
0.04
0.04
0.03
0.02
0.01
-0.01
-0.02
-0.03
-0.05
-0.06
-0.07
-0.08
-0.08
-0.08
-0.08
-0.08
-0.08
-0.08
-0.08
-0.08
-0.09
-0.1
-0.1
-0.11
-0.12
-0.13
-0.13
-0.13
-0.13
-0.12
-0.1
-0.09
-0.06
-0.04
-0.01
0.01
0.04
0.06
0.08
0.1
0.11
0.11
0.11
0.1
0.09
0.08
0.06
0.04
0.02
0.01
-0.01
-0.03
-0.04
-0.06
-0.07
-0.08
-0.09
-0.11
-0.12
-0.13
-0.15
-0.16
-0.18
-0.2
-0.22
-0.23
-0.25
-0.27
-0.28
-0.29
-0.3
-0.31
-0.31
-0.31
-0.31
-0.3
-0.29
-0.28
-0.27
-0.26
-0.25
-0.23
-0.22
-0.2
-0.19
-0.18
-0.16
-0.15
-0.13
-0.11
-0.1
-0.08
-0.07
-0.05
-0.04
-0.03
-0.02
-0.02
-0.02
-0.02
-0.02
-0.02
-0.03
-0.04
-0.05
-0.05
-0.06
-0.07
-0.08
-0.08
-0.08
-0.09
-0.09
-0.09
-0.09
-0.09
-0.09
-0.1
-0.1
-0.1
-0.11
-0.11
-0.12
-0.13
-0.13
-0.13
-0.13
-0.13
-0.13
-0.13
-0.13
-0.12
-0.12
-0.11
-0.1
-0.1
-0.09
-0.09
-0.08
-0.08
-0.08
-0.07
-0.07
-0.07
-0.06
-0.06
-0.06
-0.05
-0.05
-0.05
-0.05
-0.05
-0.05
-0.05
-0.05
-0.05
-0.05
-0.06
-0.06
-0.07
-0.07
-0.08
-0.09
-0.09
-0.1
-0.11
-0.11
-0.12
-0.12
-0.13
-0.13
-0.13
-0.13
-0.13
-0.13
-0.13
-0.13
-0.13
-0.13
-0.13
-0.12
-0.12
-0.11
-0.1
-0.09
-0.08
-0.07
-0.06
-0.06
-0.05
-0.04
-0.04
-0.03
-0.03
-0.03
-0.02
-0.02
-0.02
-0.02
-0.02
-0.02
-0.03
-0.03
-0.03
-0.03
-0.03
-0.04
-0.04
-0.04
-0.04
-0.04
-0.05
-0.05
-0.05
-0.06
-0.06
-0.06
-0.07
-0.07
-0.07
-0.08
-0.08
-0.09
-0.09
-0.09
-0.1
-0.1
-0.11
-0.11
-0.11
-0.12
-0.12
-0.12
-0.13
-0.13
-0.14
-0.14
-0.14
-0.15
-0.15
-0.16
-0.16
-0.16
-0.17
-0.17
-0.17
-0.17
-0.17
-0.17
-0.17
-0.17
-0.17
-0.17
-0.16
-0.16
-0.16
-0.15
-0.15
-0.14
-0.14
-0.13
-0.13
-0.12
-0.11
-0.11
-0.1
-0.09
-0.09
-0.08
-0.07
-0.07
-0.06
-0.06
-0.05
-0.05
-0.04
-0.04
-0.03
-0.03
-0.02
-0.02
-0.01
-0.01
-0.01
-0.0
-0.0
0.0
0.0
0.01
0.01
0.01
0.01
0.01
0.01
0.01
0.0
0.0
-0.0
-0.01
-0.01
-0.02
-0.03
-0.03
-0.04
-0.05
-0.05
-0.06
-0.07
-0.07
-0.08
-0.09
-0.1
-0.1
-0.11
-0.12
-0.13
-0.13
-0.14
-0.15
-0.15
-0.16
-0.16
-0.17
-0.17
-0.18
-0.18
-0.19
-0.19
-0.19
-0.19
-0.19
-0.2
