-0.11
-0.12
-0.12
-0.12
-0.13
-0.13
-0.13
-0.13
-0.13
-0.13
-0.13
-0.13
-0.12
-0.12
-0.11
-0.11
-0.1
-0.1
-0.09
-0.09
-0.09
-0.08
-0.08
-0.08
-0.07
-0.07
-0.07
-0.06
-0.06
-0.06
-0.06
-0.06
-0.06
-0.06
-0.06
-0.06
-0.06
-0.07
-0.07
-0.07
-0.07
-0.08
-0.08
-0.08
-0.08
-0.09
-0.09
-0.09
-0.09
-0.1
-0.1
-0.11
-0.11
-0.11
-0.12
-0.12
-0.12
-0.12
-0.12
-0.12
-0.11
-0.11
-0.11
-0.11
-0.1
-0.1
-0.1
-0.1
-0.1
-0.1
-0.1
-0.09
-0.09
-0.09
-0.09
-0.09
-0.08
-0.08
-0.07
-0.07
-0.07
-0.06
-0.06
-0.06
-0.06
-0.06
-0.06
-0.06
-0.06
-0.07
-0.07
-0.07
-0.07
-0.07
-0.07
-0.07
-0.07
-0.07
-0.06
-0.06
-0.06
-0.05
-0.05
-0.05
-0.05
-0.05
-0.05
-0.05
-0.05
-0.05
-0.05
-0.06
-0.06
-0.07
-0.07
-0.08
-0.09
-0.1
-0.12
-0.13
-0.15
-0.17
-0.18
-0.2
-0.22
-0.23
-0.25
-0.26
-0.27
-0.28
-0.29
-0.29
-0.29
-0.3
-0.29
-0.29
-0.28
-0.27
-0.26
-0.24
-0.22
-0.2
-0.18
-0.16
-0.14
-0.12
-0.09
-0.07
-0.05
-0.03
-0.01
0.01
0.03
0.05
0.07
0.09
0.11
0.12
0.14
0.15
0.15
0.16
0.16
0.16
0.15
0.15
0.14
0.13
0.11
0.1
0.09
0.07
0.06
0.05
0.03
0.02
0.01
0.0
-0.01
-0.01
-0.02
-0.03
-0.04
-0.05
-0.06
-0.06
-0.07
-0.08
-0.08
-0.08
-0.09
-0.09
-0.09
-0.09
-0.09
-0.1
-0.1
-0.11
-0.12
-0.13
-0.14
-0.15
-0.17
-0.18
-0.19
-0.2
-0.22
-0.23
-0.24
-0.25
-0.26
-0.27
-0.28
-0.29
-0.29
-0.3
-0.31
-0.31
-0.31
-0.31
-0.31
-0.3
-0.3
-0.29
-0.28
-0.26
-0.25
-0.23
-0.21
-0.2
-0.19
-0.17
-0.16
-0.16
-0.15
-0.15
-0.14
-0.13
-0.13
-0.12
-0.11
-0.1
-0.09
-0.07
-0.06
-0.05
-0.04
-0.03
-0.03
-0.03
-0.05
-0.07
-0.09
-0.13
-0.18
-0.23
-0.28
-0.33
-0.38
-0.42
-0.45
-0.46
-0.46
-0.45
-0.42
-0.38
-0.32
-0.27
-0.21
-0.15
-0.09
-0.04
-0.01
0.02
0.04
0.04
0.04
0.02
0.0
-0.02
-0.04
-0.06
-0.07
-0.08
-0.08
-0.07
-0.05
-0.02
0.02
0.06
0.11
0.17
0.22
0.28
0.34
0.4
0.45
0.5
0.55
0.59
0.62
0.64
0.66
0.67
0.68
0.68
0.68
0.67
0.67
0.67
0.67
0.67
0.67
0.67
0.67
0.67
0.67
0.67
0.66
0.66
0.65
0.64
0.62
0.6
0.56
0.52
0.47
0.41
0.34
0.26
0.17
0.06
-0.05
-0.16
-0.29
-0.41
-0.54
-0.66
-0.78
-0.9
-1.01
-1.11
-1.2
-1.28
-1.35
-1.41
-1.46
-1.5
-1.53
-1.54
-1.55
-1.54
-1.53
-1.51
-1.47
-1.44
-1.39
-1.34
-1.29
-1.24
-1.18
-1.13
-1.07
-1.0
-0.93
-0.86
-0.79
-0.71
-0.62
-0.54
-0.44
-0.34
-0.24
-0.13
-0.02
0.1
0.23
0.36
0.49
0.63
0.76
0.9
1.03
1.16
1.28
1.39
1.5
1.59
1.66
1.72
1.76
1.79
1.8
1.79
1.76
1.73
1.67
1.61
1.52
1.42
1.3
1.16
0.99
0.8
0.58
0.35
0.09
-0.17
-0.44
-0.71
-0.98
-1.24
-1.48
-1.69
-1.88
-2.03
-2.15
-2.24
-2.29
-2.3
-2.29
-2.24
-2.17
-2.08
-1.97
-1.84
-1.7
-1.56
-1.4
-1.25
-1.09
-0.93
-0.78
-0.64
-0.5
-0.36
-0.24
-0.12
-0.01
0.09
0.18
0.26
0.32
0.38
0.43
0.48
0.51
0.54
0.57
0.59
0.61
0.63
0.65
0.67
0.69
0.7
0.72
0.73
0.75
0.76
0.78
0.8
0.82
0.84
0.87
0.91
0.95
0.98
1.02
1.05
1.07
1.08
1.06
1.03
0.97
0.88
0.77
0.64
0.48
0.31
0.12
-0.08
-0.28
-0.49
-0.68
-0.87
-1.05
-1.21
-1.34
-1.46
-1.56
-1.63
-1.68
-1.71
-1.72
-1.71
-1.69
-1.65
-1.6
-1.54
-1.48
-1.41
-1.34
-1.27
-1.2
-1.13
-1.07
-1.0
-0.94
-0.88
-0.81
-0.74
-0.67
-0.6
-0.52
-0.44
-0.36
-0.27
-0.18
-0.08
0.02
0.12
0.22
0.33
0.44
0.55
0.66
0.77
0.88
0.98
1.08
1.18
1.27
1.35
1.43
1.49
1.55
1.61
1.65
1.69
1.72
1.73
1.73
1.71
1.66
1.59
1.49
1.36
1.19
1.0
0.79
0.56
0.32
0.07
-0.17
-0.4
-0.62
-0.82
-0.99
-1.14
-1.26
-1.36
-1.44
-1.49
-1.52
-1.54
-1.55
-1.54
-1.52
-1.5
-1.47
-1.44
-1.4
-1.35
-1.31
-1.25
-1.2
-1.14
-1.07
-1.0
-0.93
-0.85
-0.78
-0.7
-0.62
-0.54
-0.46
-0.38
-0.29
-0.21
-0.13
-0.05
0.04
0.12
0.21
0.3
0.38
0.47
0.55
0.63
0.7
0.77
0.84
0.9
0.96
1.02
1.09
1.15
1.22
1.29
1.35
1.4
1.44
1.45
1.44
1.4
1.32
1.22
1.08
0.92
0.73
0.53
0.31
0.09
-0.13
-0.35
-0.55
-0.74
-0.91
-1.06
-1.19
-1.3
-1.39
-1.46
-1.52
-1.57
-1.6
-1.61
-1.62
-1.61
-1.59
-1.57
-1.54
-1.5
-1.45
-1.39
-1.33
-1.27
-1.2
-1.13
-1.05
-0.97
-0.89
-0.8
-0.71
-0.63
-0.54
-0.45
-0.36
-0.27
-0.18
-0.08
0.01
0.1
0.19
0.28
0.37
0.46
0.54
0.61
0.68
0.75
0.81
0.87
0.93
0.99
1.06
1.13
1.19
1.25
1.31
1.35
1.37
1.37
1.34
1.28
1.19
1.06
0.91
0.74
0.54
0.34
0.12
-0.08
-0.29
-0.47
-0.64
-0.79
-0.91
-1.02
-1.1
-1.16
-1.21
-1.23
-1.25
-1.25
-1.24
-1.22
-1.2
-1.17
-1.15
-1.11
-1.08
-1.04
-1.0
-0.95
-0.9
-0.84
-0.78
-0.71
-0.64
-0.57
-0.49
-0.42
-0.34
-0.26
-0.19
-0.12
-0.06
0.01
0.06
0.12
0.17
0.22
0.27
0.33
0.38
0.43
0.49
0.54
0.6
0.65
0.71
0.77
0.84
0.91
0.98
1.05
1.13
1.19
1.25
1.3
1.33
1.34
1.32
1.27
1.19
1.09
0.95
0.79
0.61
0.41
0.2
-0.02
-0.24
-0.46
-0.67
-0.86
-1.04
-1.2
-1.34
-1.46
-1.56
-1.63
-1.69
-1.72
-1.73
-1.73
-1.71
-1.68
-1.63
-1.58
-1.51
-1.44
-1.37
-1.28
-1.19
-1.1
-1.0
-0.89
-0.79
-0.68
-0.57
-0.47
-0.37
-0.28
-0.19
-0.12
-0.05
0.01
0.06
0.11
0.15
0.18
0.22
0.26
0.29
0.33
0.37
0.41
0.45
0.49
0.53
0.58
0.63
0.68
0.74
0.8
0.88
0.95
1.03
1.11
1.18
1.24
1.28
1.29
1.28
1.23
1.16
1.05
0.92
0.77
0.6
0.43
0.26
0.09
-0.07
-0.22
-0.35
-0.46
-0.56
-0.64
-0.7
-0.76
-0.8
-0.84
-0.87
-0.9
-0.92
-0.95
-0.98
-1.01
-1.04
-1.07
-1.09
-1.11
-1.12
-1.13
-1.12
-1.1
-1.08
-1.04
-0.99
-0.93
-0.86
-0.78
-0.7
-0.61
-0.52
-0.42
-0.33
-0.23
-0.13
-0.03
0.07
0.18
0.28
0.38
0.48
0.58
0.67
0.75
0.82
0.89
0.95
1.01
1.07
1.12
1.18
1.25
1.31
1.37
1.42
1.46
1.48
1.47
1.44
1.37
1.28
1.15
1.0
0.82
0.63
0.42
0.21
-0.01
-0.22
-0.42
-0.62
-0.79
-0.95
-1.09
-1.21
-1.31
-1.4
-1.47
-1.52
-1.56
-1.59
-1.62
-1.63
-1.64
-1.64
-1.64
-1.64
-1.62
-1.6
-1.58
-1.54
-1.49
-1.44
-1.36
-1.28
-1.17
-1.06
-0.94
-0.8
-0.66
-0.52
-0.38
-0.24
-0.1
0.03
0.15
0.27
0.38
0.49
0.59
0.67
0.75
0.82
0.88
0.93
0.97
1.01
1.04
1.08
1.11
1.16
1.21
1.26
1.31
1.36
1.39
1.41
1.4
1.36
1.28
1.17
1.02
0.84
0.64
0.41
0.17
-0.08
-0.32
-0.54
-0.75
-0.94
-1.1
-1.23
-1.33
-1.4
-1.44
-1.46
-1.46
-1.44
-1.41
-1.37
-1.33
-1.28
-1.23
-1.18
-1.14
-1.09
-1.04
-1.0
-0.95
-0.9
-0.84
-0.78
-0.72
-0.65
-0.58
-0.5
-0.42
-0.33
-0.24
-0.15
-0.05
0.04
0.14
0.24
0.33
0.43
0.52
0.61
0.69
0.77
0.85
0.92
0.99
1.05
1.13
1.2
1.28
1.36
1.45
1.52
1.59
1.64
1.67
1.67
1.65
1.59
1.51
1.39
1.24
1.07
0.87
0.66
0.43
0.2
-0.04
-0.28
-0.51
-0.73
-0.94
-1.13
-1.31
-1.47
-1.61
-1.73
-1.83
-1.92
-1.99
-2.04
-2.07
-2.1
-2.1
-2.1
-2.08
-2.06
-2.02
-1.97
-1.9
-1.83
-1.75
-1.65
-1.55
-1.43
-1.31
-1.18
-1.04
-0.9
-0.76
-0.62
-0.49
-0.35
-0.22
-0.1
0.03
0.15
0.27
0.39
0.51
0.62
0.73
0.84
0.94
1.04
1.13
1.22
1.3
1.39
1.47
1.55
1.63
1.7
1.76
1.81
1.83
1.83
1.79
1.72
1.62
1.48
1.32
1.13
0.92
0.7
0.47
0.25
0.03
-0.17
-0.35
-0.51
-0.65
-0.77
-0.87
-0.95
-1.01
-1.06
-1.1
-1.12
-1.14
-1.16
-1.16
-1.17
-1.17
-1.17
-1.16
-1.15
-1.14
-1.11
-1.08
-1.04
-1.0
-0.94
-0.88
-0.82
-0.75
-0.68
-0.6
-0.52
-0.44
-0.36
-0.28
-0.2
-0.11
-0.02
0.07
0.16
0.26
0.35
0.44
0.54
0.62
0.71
0.79
0.88
0.95
1.03
1.1
1.17
1.23
1.29
1.34
1.37
1.4
1.4
1.38
1.34
1.27
1.17
1.05
0.9
0.72
0.53
0.32
0.1
-0.13
-0.36
-0.59
-0.81
-1.03
-1.23
-1.41
-1.58
-1.73
-1.85
-1.96
-2.04
-2.1
-2.14
-2.15
-2.15
-2.12
-2.07
-2.01
-1.93
-1.83
-1.72
-1.59
-1.46
-1.32
-1.18
-1.03
-0.88
-0.73
-0.58
-0.44
-0.3
-0.18
-0.06
0.05
0.15
0.24
0.32
0.39
0.45
0.51
0.56
0.61
0.65
0.68
0.72
0.75
0.79
0.82
0.85
0.89
0.93
0.97
1.02
1.06
1.11
1.16
1.19
1.22
1.23
1.23
1.2
1.14
1.06
0.95
0.82
0.66
0.48
0.29
0.08
-0.12
-0.32
-0.52
-0.7
-0.87
-1.01
-1.14
-1.25
-1.35
-1.42
-1.48
-1.52
-1.54
-1.54
-1.54
-1.52
-1.49
-1.44
-1.39
-1.34
-1.27
-1.2
-1.12
-1.04
-0.95
-0.87
-0.78
-0.69
-0.6
-0.51
-0.43
-0.36
-0.29
-0.24
-0.19
-0.15
-0.12
-0.1
-0.07
-0.05
-0.03
0.0
0.04
0.08
0.14
0.2
0.26
0.34
0.42
0.5
0.59
0.69
0.79
0.89
1.0
1.1
1.21
1.3
1.39
1.46
1.51
1.53
1.52
1.48
1.41
1.31
1.18
1.02
0.84
0.65
0.45
0.25
0.05
-0.15
-0.33
-0.5
-0.65
-0.79
-0.91
-1.02
-1.11
-1.18
-1.23
-1.28
-1.3
-1.32
-1.32
-1.3
-1.28
-1.24
-1.2
-1.15
-1.09
-1.02
-0.95
-0.87
-0.8
-0.72
-0.64
-0.57
-0.5
-0.43
-0.36
-0.3
-0.24
-0.19
-0.15
-0.11
-0.07
-0.04
-0.01
0.02
0.05
0.08
0.11
0.15
0.18
0.23
0.28
0.33
0.38
0.44
0.49
0.55
0.61
0.68
0.75
0.82
0.89
0.96
1.02
1.08
1.12
1.13
1.12
1.09
1.02
0.92
0.8
0.65
0.49
0.31
0.12
-0.07
-0.25
-0.42
-0.58
-0.72
-0.84
-0.95
-1.03
-1.09
-1.14
-1.17
-1.18
-1.18
-1.17
-1.15
-1.12
-1.09
-1.04
-1.0
-0.94
-0.89
-0.83
-0.77
-0.71
-0.64
-0.58
-0.52
-0.46
-0.41
-0.36
-0.31
-0.27
-0.23
-0.2
-0.17
-0.15
-0.13
-0.11
-0.1
-0.08
-0.06
-0.04
-0.02
0.01
0.05
0.1
0.15
0.21
0.27
0.34
0.4
0.47
0.54
0.61
0.67
0.72
0.77
0.81
0.84
0.86
0.88
0.88
0.89
0.89
0.89
0.88
0.87
0.84
0.81
0.75
0.68
0.59
0.48
0.34
0.19
0.02
-0.16
-0.35
-0.54
-0.73
-0.9
-1.06
-1.2
-1.32
-1.42
-1.48
-1.53
-1.54
-1.53
-1.51
-1.46
-1.39
-1.32
-1.23
-1.13
-1.03
-0.92
-0.81
-0.7
-0.59
-0.48
-0.37
-0.26
-0.15
-0.05
0.04
0.12
0.2
0.26
0.32
0.36
0.4
0.42
0.43
0.44
0.43
0.42
0.4
0.37
0.33
0.29
0.25
0.2
0.15
0.1
0.06
0.03
-0.0
-0.03
-0.04
-0.05
-0.06
-0.06
-0.07
-0.07
-0.08
-0.09
-0.1
-0.12
-0.14
-0.16
-0.19
-0.23
-0.26
-0.29
-0.33
-0.36
-0.39
-0.41
-0.43
-0.45
-0.46
-0.47
-0.48
-0.48
-0.47
-0.46
-0.45
-0.44
-0.42
-0.41
-0.39
-0.37
-0.35
-0.33
-0.31
-0.29
-0.27
-0.25
-0.24
-0.22
-0.21
-0.19
-0.18
-0.17
-0.15
-0.14
-0.13
-0.12
-0.11
-0.1
-0.09
-0.08
-0.08
-0.07
-0.06
-0.05
-0.04
-0.03
-0.02
-0.01
-0.0
0.01
0.02
0.02
0.03
0.04
0.04
0.04
0.04
0.04
0.04
0.03
0.03
0.02
0.01
-0.01
-0.02
-0.04
-0.05
-0.07
-0.09
-0.1
-0.12
-0.13
-0.14
-0.16
-0.17
-0.18
-0.18
-0.19
-0.2
-0.2
-0.21
-0.21
-0.22
-0.22
-0.22
-0.22
-0.22
-0.22
-0.22
-0.22
-0.21
-0.2
-0.2
-0.19
-0.18
-0.17
-0.15
-0.14
-0.13
-0.12
-0.1
-0.09
-0.08
-0.06
-0.05
-0.04
-0.03
-0.01
-0.0
0.01
0.02
0.03
0.03
0.04
0.04
0.04
0.04
0.04
0.04
0.03
0.02
0.01
-0.0
-0.02
-0.04
-0.05
-0.08
-0.1
-0.12
-0.15
-0.17
-0.2
-0.22
-0.25
-0.27
-0.29
-0.31
-0.33
-0.35
-0.36
-0.37
-0.38
-0.39
-0.39
-0.39
-0.39
-0.39
-0.39
-0.38
-0.36
-0.35
-0.33
-0.31
-0.29
-0.26
-0.24
-0.21
-0.19
-0.16
-0.14
-0.11
-0.09
-0.07
-0.04
-0.02
-0.01
0.01
0.03
0.04
0.06
0.07
0.07
0.08
0.08
0.08
0.07
0.06
0.05
0.03
0.01
-0.01
-0.03
-0.05
-0.08
-0.1
-0.12
-0.13
-0.14
-0.15
-0.15
-0.15
-0.14
-0.13
-0.12
-0.11
-0.1
-0.09
-0.08
-0.06
-0.05
-0.04
-0.04
-0.03
-0.02
-0.02
-0.02
-0.01
-0.01
-0.01
-0.01
-0.02
-0.02
-0.02
-0.02
-0.03
-0.04
-0.04
-0.05
-0.05
-0.06
-0.07
-0.07
-0.08
-0.08
-0.09
-0.09
-0.09
-0.1
-0.1
-0.1
-0.1
-0.1
-0.1
-0.11
-0.11
-0.11
-0.12
-0.12
-0.13
-0.14
-0.14
-0.15
-0.16
-0.16
-0.17
-0.17
-0.18
-0.18
-0.18
-0.19
-0.19
-0.18
-0.18
-0.18
-0.18
-0.17
-0.16
-0.16
-0.15
-0.14
-0.13
-0.13
-0.12
-0.11
-0.1
-0.09
-0.08
-0.07
-0.07
-0.06
-0.06
-0.06
-0.05
-0.05
-0.05
-0.05
-0.05
-0.05
-0.05
-0.04
-0.04
-0.04
-0.04
-0.04
-0.04
-0.04
-0.05
-0.06
-0.07
-0.08
-0.09
-0.1
-0.11
-0.12
-0.14
-0.15
-0.16
-0.17
-0.18
-0.18
-0.19
-0.2
-0.2
-0.21
-0.21
-0.22
-0.22
-0.22
-0.22
-0.22
-0.22
-0.21
-0.21
-0.2
-0.2
-0.19
-0.18
-0.17
-0.16
-0.15
-0.13
-0.12
-0.1
-0.09
-0.08
-0.06
-0.05
-0.03
-0.02
-0.01
-0.0
0.01
0.01
0.02
0.02
0.02
0.02
0.02
0.02
0.01
0.01
0.0
-0.0
-0.01
-0.02
-0.03
-0.04
-0.05
-0.07
-0.08
-0.1
-0.11
-0.13
-0.14
-0.16
-0.17
-0.19
-0.2
-0.21
-0.22
-0.23
-0.24
-0.25
-0.25
-0.25
-0.25
-0.25
-0.24
-0.23
-0.22
-0.2
-0.19
-0.17
-0.15
-0.14
-0.12
-0.1
-0.09
-0.08
-0.06
-0.05
-0.04
-0.04
-0.03
-0.03
-0.02
-0.02
-0.02
-0.02
-0.02
-0.03
-0.03
-0.03
-0.04
-0.05
-0.06
-0.07
-0.09
-0.1
-0.12
-0.13
-0.15
-0.17
-0.18
-0.2
-0.21
-0.22
-0.23
-0.23
-0.23
-0.23
-0.23
-0.23
-0.23
-0.22
-0.22
-0.22
-0.21
-0.2
-0.2
-0.19
-0.18
-0.17
-0.16
-0.14
-0.13
-0.11
-0.1
-0.08
-0.07
-0.05
-0.04
-0.02
-0.01
0.0
0.01
0.02
0.03
0.03
0.03
0.03
0.03
0.02
0.02
0.01
-0.0
-0.01
-0.02
-0.03
-0.04
-0.05
-0.06
-0.07
-0.08
-0.08
-0.09
-0.1
-0.1
-0.1
-0.11
-0.11
-0.11
-0.11
