5.0
-0.05
-0.04
-0.04
-0.03
-0.03
-0.03
-0.03
-0.04
-0.04
-0.05
-0.05
-0.06
-0.06
-0.07
-0.08
-0.08
-0.09
-0.09
-0.1
-0.1
-0.1
-0.1
-0.11
-0.11
-0.11
-0.1
-0.1
-0.1
-0.1
-0.1
-0.1
-0.1
-0.1
-0.1
-0.1
-0.1
-0.1
-0.1
-0.1
-0.1
-0.1
-0.1
-0.1
-0.1
-0.09
-0.09
-0.09
-0.09
-0.08
-0.08
-0.08
-0.08
-0.08
-0.08
-0.08
-0.08
-0.08
-0.09
-0.09
-0.09
-0.08
-0.08
-0.08
-0.07
-0.07
-0.06
-0.05
-0.05
-0.04
-0.04
-0.03
-0.03
-0.03
-0.03
-0.03
-0.04
-0.04
-0.04
-0.05
-0.06
-0.07
-0.08
-0.09
-0.1
-0.11
-0.12
-0.13
-0.13
-0.14
-0.15
-0.15
-0.15
-0.16
-0.16
-0.16
-0.15
-0.15
-0.15
-0.14
-0.14
-0.13
-0.13
-0.12
-0.11
-0.11
-0.11
-0.1
-0.1
-0.1
-0.1
-0.1
-0.09
-0.09
-0.09
-0.08
-0.08
-0.07
-0.07
-0.06
-0.06
-0.05
-0.05
-0.05
-0.06
-0.06
-0.07
-0.08
-0.09
-0.1
-0.11
-0.13
-0.14
-0.16
-0.18
-0.19
-0.21
-0.22
-0.23
-0.24
-0.25
-0.25
-0.25
-0.25
-0.25
-0.25
-0.24
-0.23
-0.22
-0.21
-0.2
-0.18
-0.15
-0.13
-0.1
-0.07
-0.03
0.01
0.06
0.11
0.16
0.22
0.29
0.36
0.43
0.51
0.6
0.68
0.77
0.87
0.95
1.04
1.12
1.19
1.25
1.3
1.33
1.35
1.36
1.36
1.34
1.31
1.27
1.23
1.17
1.11
1.03
0.95
0.86
0.76
0.65
0.53
0.41
0.27
0.13
-0.02
-0.17
-0.33
-0.48
-0.63
-0.78
-0.92
-1.04
-1.15
-1.25
-1.34
-1.41
-1.47
-1.51
-1.54
-1.55
-1.56
-1.55
-1.54
-1.51
-1.48
-1.44
-1.4
-1.35
-1.29
-1.24
-1.18
-1.11
-1.05
-0.98
-0.91
-0.84
-0.76
-0.68
-0.6
-0.51
-0.42
-0.33
-0.24
-0.14
-0.05
0.05
0.15
0.25
0.36
0.47
0.58
0.69
0.8
0.91
1.02
1.12
1.22
1.31
1.39
1.45
1.51
1.55
1.58
1.59
1.6
1.59
1.56
1.53
1.48
1.42
1.33
1.23
1.11
0.96
0.78
0.59
0.37
0.15
-0.09
-0.34
-0.58
-0.82
-1.05
-1.26
-1.46
-1.63
-1.78
-1.91
-2.01
-2.09
-2.14
-2.18
-2.19
-2.18
-2.15
-2.11
-2.05
-1.98
-1.9
-1.81
-1.71
-1.61
-1.5
-1.38
-1.26
-1.13
-1.01
-0.87
-0.74
-0.61
-0.47
-0.34
-0.21
-0.08
0.05
0.17
0.29
0.4
0.51
0.62
0.72
0.82
0.91
1.0
1.08
1.16
1.23
1.29
1.34
1.38
1.42
1.46
1.49
1.53
1.56
1.59
1.62
1.64
1.66
1.66
1.65
1.62
1.57
1.5
1.39
1.26
1.11
0.93
0.74
0.52
0.3
0.07
-0.16
-0.39
-0.61
-0.81
-1.01
-1.18
-1.34
-1.48
-1.6
-1.69
-1.77
-1.83
-1.87
-1.89
-1.89
-1.88
-1.86
-1.82
-1.76
-1.7
-1.63
-1.55
-1.46
-1.37
-1.27
-1.17
-1.06
-0.96
-0.86
-0.75
-0.66
-0.56
-0.48
-0.39
-0.31
-0.24
-0.17
-0.09
-0.02
0.06
0.14
0.23
0.33
0.43
0.53
0.64
0.75
0.86
0.97
1.08
1.18
1.27
1.36
1.43
1.5
1.55
1.58
1.59
1.59
1.56
1.5
1.43
1.33
1.21
1.07
0.91
0.74
0.56
0.37
0.17
-0.02
-0.2
-0.38
-0.54
-0.7
-0.83
-0.96
-1.06
-1.16
-1.24
-1.32
-1.38
-1.44
-1.49
-1.52
-1.55
-1.57
-1.58
-1.58
-1.57
-1.55
-1.51
-1.46
-1.4
-1.33
-1.25
-1.16
-1.06
-0.95
-0.84
-0.74
-0.62
-0.51
-0.4
-0.29
-0.18
-0.07
0.04
0.16
0.27
0.38
0.49
0.61
0.71
0.82
0.92
1.02
1.12
1.22
1.32
1.41
1.51
1.6
1.7
1.78
1.85
1.9
1.93
1.94
1.91
1.85
1.76
1.64
1.48
1.3
1.09
0.87
0.63
0.39
0.15
-0.08
-0.3
-0.5
-0.69
-0.85
-0.99
-1.12
-1.22
-1.31
-1.38
-1.43
-1.48
-1.51
-1.54
-1.57
-1.58
-1.6
-1.61
-1.62
-1.63
-1.63
-1.62
-1.61
-1.58
-1.55
-1.5
-1.44
-1.36
-1.27
-1.16
-1.05
-0.92
-0.79
-0.65
-0.5
-0.35
-0.19
-0.03
0.14
0.31
0.48
0.66
0.84
1.02
1.2
1.38
1.55
1.72
1.88
2.03
2.17
2.3
2.4
2.47
2.52
2.53
2.5
2.43
2.32
2.18
1.99
1.77
1.53
1.26
0.98
0.68
0.39
0.09
-0.19
-0.46
-0.72
-0.95
-1.17
-1.36
-1.53
-1.68
-1.81
-1.92
-2.02
-2.1
-2.16
-2.21
-2.25
-2.27
-2.28
-2.28
-2.26
-2.22
-2.17
-2.1
-2.02
-1.92
-1.8
-1.66
-1.51
-1.35
-1.17
-0.99
-0.8
-0.61
-0.41
-0.22
-0.02
0.17
0.36
0.54
0.72
0.89
1.05
1.2
1.34
1.47
1.59
1.7
1.81
1.9
1.98
2.05
2.12
2.16
2.2
2.21
2.2
2.16
2.09
2.0
1.87
1.71
1.53
1.32
1.09
0.84
0.58
0.31
0.05
-0.22
-0.47
-0.71
-0.93
-1.14
-1.33
-1.49
-1.64
-1.76
-1.86
-1.94
-2.0
-2.05
-2.08
-2.09
-2.08
-2.06
-2.03
-1.99
-1.93
-1.86
-1.79
-1.7
-1.61
-1.51
-1.4
-1.28
-1.16
-1.02
-0.88
-0.74
-0.59
-0.44
-0.28
-0.13
0.03
0.18
0.34
0.49
0.64
0.78
0.92
1.06
1.18
1.3
1.41
1.51
1.61
1.69
1.77
1.84
1.9
1.95
1.99
2.02
2.02
2.0
1.95
1.87
1.76
1.61
1.44
1.24
1.02
0.79
0.55
0.32
0.09
-0.13
-0.34
-0.52
-0.69
-0.83
-0.96
-1.07
-1.16
-1.24
-1.3
-1.36
-1.4
-1.44
-1.48
-1.51
-1.53
-1.55
-1.56
-1.57
-1.56
-1.55
-1.53
-1.5
-1.45
-1.39
-1.31
-1.22
-1.11
-0.98
-0.83
-0.67
-0.5
-0.33
-0.15
0.03
0.21
0.38
0.54
0.69
0.83
0.95
1.07
1.17
1.27
1.35
1.43
1.51
1.58
1.66
1.73
1.81
1.87
1.93
1.97
1.99
1.99
1.96
1.89
1.79
1.65
1.49
1.29
1.07
0.82
0.57
0.31
0.05
-0.21
-0.45
-0.68
-0.9
-1.09
-1.26
-1.41
-1.55
-1.66
-1.75
-1.82
-1.88
-1.92
-1.95
-1.96
-1.96
-1.95
-1.93
-1.89
-1.84
-1.79
-1.71
-1.63
-1.54
-1.43
-1.32
-1.19
-1.06
-0.92
-0.77
-0.62
-0.47
-0.32
-0.17
-0.02
0.12
0.26
0.4
0.52
0.65
0.76
0.87
0.97
1.06
1.14
1.22
1.29
1.35
1.41
1.47
1.53
1.59
1.64
1.68
1.71
1.72
1.71
1.68
1.62
1.52
1.4
1.24
1.05
0.85
0.62
0.38
0.14
-0.09
-0.32
-0.54
-0.74
-0.92
-1.08
-1.22
-1.34
-1.44
-1.52
-1.59
-1.64
-1.68
-1.7
-1.72
-1.72
-1.71
-1.69
-1.66
-1.63
-1.58
-1.52
-1.46
-1.38
-1.3
-1.2
-1.1
-0.99
-0.87
-0.75
-0.62
-0.49
-0.36
-0.23
-0.1
0.03
0.16
0.28
0.39
0.5
0.6
0.7
0.78
0.87
0.94
1.01
1.08
1.14
1.19
1.25
1.3
1.36
1.42
1.48
1.54
1.59
1.64
1.67
1.69
1.68
1.64
1.58
1.48
1.36
1.2
1.03
0.83
0.61
0.39
0.16
-0.07
-0.3
-0.51
-0.71
-0.9
-1.07
-1.22
-1.34
-1.45
-1.54
-1.61
-1.66
-1.69
-1.7
-1.71
-1.7
-1.67
-1.64
-1.6
-1.55
-1.49
-1.43
-1.35
-1.28
-1.19
-1.1
-1.0
-0.89
-0.78
-0.67
-0.55
-0.43
-0.31
-0.18
-0.06
0.05
0.17
0.28
0.39
0.5
0.6
0.71
0.81
0.9
1.0
1.09
1.17
1.25
1.33
1.4
1.47
1.53
1.59
1.64
1.68
1.71
1.72
1.7
1.66
1.6
1.5
1.37
1.21
1.02
0.81
0.59
0.35
0.1
-0.15
-0.39
-0.62
-0.83
-1.03
-1.2
-1.36
-1.49
-1.6
-1.69
-1.76
-1.82
-1.85
-1.88
-1.89
-1.88
-1.87
-1.84
-1.8
-1.74
-1.67
-1.59
-1.5
-1.39
-1.27
-1.14
-1.0
-0.86
-0.72
-0.57
-0.43
-0.3
-0.18
-0.07
0.02
0.11
0.18
0.24
0.3
0.35
0.39
0.44
0.49
0.54
0.6
0.66
0.73
0.8
0.88
0.97
1.06
1.16
1.27
1.38
1.49
1.6
1.7
1.79
1.85
1.89
1.9
1.87
1.8
1.7
1.56
1.39
1.19
0.97
0.73
0.48
0.22
-0.03
-0.28
-0.52
-0.74
-0.95
-1.15
-1.32
-1.47
-1.61
-1.72
-1.82
-1.9
-1.96
-2.0
-2.03
-2.05
-2.04
-2.03
-1.99
-1.95
-1.89
-1.82
-1.73
-1.64
-1.53
-1.42
-1.3
-1.18
-1.05
-0.91
-0.78
-0.65
-0.51
-0.38
-0.25
-0.12
0.0
0.13
0.25
0.37
0.5
0.62
0.74
0.86
0.97
1.08
1.19
1.28
1.37
1.45
1.53
1.59
1.64
1.69
1.72
1.75
1.77
1.77
1.75
1.72
1.66
1.58
1.48
1.35
1.2
1.02
0.84
0.64
0.43
0.22
0.02
-0.18
-0.36
-0.53
-0.68
-0.81
-0.93
-1.02
-1.11
-1.17
-1.22
-1.27
-1.3
-1.32
-1.34
-1.36
-1.36
-1.36
-1.36
-1.34
-1.32
-1.28
-1.24
-1.19
-1.12
-1.05
-0.97
-0.88
-0.79
-0.7
-0.61
-0.51
-0.42
-0.34
-0.26
-0.19
-0.12
-0.06
-0.01
0.04
0.08
0.13
0.17
0.22
0.26
0.32
0.37
0.44
0.5
0.58
0.65
0.74
0.83
0.93
1.03
1.14
1.26
1.38
1.49
1.6
1.68
1.74
1.78
1.78
1.74
1.66
1.54
1.39
1.21
0.99
0.76
0.52
0.26
0.01
-0.23
-0.46
-0.67
-0.86
-1.03
-1.18
-1.31
-1.41
-1.49
-1.56
-1.6
-1.63
-1.65
-1.65
-1.65
-1.63
-1.6
-1.57
-1.53
-1.48
-1.42
-1.36
-1.29
-1.21
-1.13
-1.04
-0.94
-0.84
-0.74
-0.64
-0.53
-0.42
-0.31
-0.2
-0.1
0.01
0.1
0.19
0.28
0.36
0.44
0.51
0.57
0.64
0.69
0.75
0.81
0.86
0.92
0.98
1.03
1.08
1.13
1.18
1.23
1.27
1.32
1.36
1.39
1.42
1.44
1.45
1.44
1.41
1.35
1.27
1.16
1.02
0.86
0.68
0.49
0.28
0.07
-0.13
-0.33
-0.52
-0.69
-0.84
-0.98
-1.09
-1.19
-1.26
-1.32
-1.36
-1.39
-1.4
-1.41
-1.4
-1.39
-1.37
-1.34
-1.31
-1.28
-1.23
-1.19
-1.13
-1.07
-1.0
-0.93
-0.86
-0.77
-0.69
-0.61
-0.52
-0.44
-0.37
-0.3
-0.23
-0.18
-0.13
-0.08
-0.04
-0.01
0.03
0.06
0.09
0.13
0.17
0.21
0.25
0.3
0.35
0.41
0.47
0.53
0.59
0.66
0.72
0.78
0.84
0.9
0.95
1.0
1.05
1.1
1.14
1.17
1.2
1.22
1.22
1.21
1.18
1.12
1.04
0.95
0.83
0.69
0.54
0.38
0.22
0.05
-0.12
-0.28
-0.44
-0.59
-0.73
-0.86
-0.97
-1.08
-1.17
-1.24
-1.3
-1.35
-1.38
-1.4
-1.4
-1.39
-1.36
-1.32
-1.26
-1.19
-1.1
-1.01
-0.91
-0.79
-0.68
-0.56
-0.44
-0.32
-0.21
-0.1
-0.01
0.08
0.15
0.21
0.26
0.3
0.33
0.35
0.37
0.37
0.37
0.37
0.36
0.34
0.32
0.3
0.28
0.26
0.25
0.24
0.23
0.23
0.24
0.24
0.25
0.25
0.25
0.25
0.24
0.21
0.18
0.15
0.1
0.04
-0.01
-0.07
-0.14
-0.19
-0.25
-0.29
-0.33
-0.36
-0.38
-0.38
-0.38
-0.36
-0.34
-0.31
-0.27
-0.23
-0.19
-0.15
-0.11
-0.07
-0.04
-0.0
0.02
0.05
0.07
0.08
0.09
0.09
0.1
0.09
0.09
0.08
0.08
0.07
0.06
0.05
0.04
0.03
0.02
0.01
-0.0
-0.01
-0.02
-0.03
-0.04
-0.06
-0.07
-0.08
-0.09
-0.1
-0.11
-0.13
-0.14
-0.15
-0.16
-0.17
-0.17
-0.18
-0.19
-0.19
-0.19
-0.19
-0.19
-0.18
-0.18
-0.17
-0.16
-0.15
-0.13
-0.12
-0.11
-0.09
-0.08
-0.06
-0.05
-0.04
-0.02
-0.01
0.0
0.01
0.02
0.03
0.04
0.05
0.05
0.06
0.06
0.06
0.06
0.06
0.05
0.05
0.04
0.03
0.02
0.01
-0.01
-0.02
-0.03
-0.05
-0.06
-0.07
-0.08
-0.09
-0.1
-0.11
-0.12
-0.12
-0.13
-0.13
-0.13
-0.13
-0.13
-0.12
-0.12
-0.11
-0.1
-0.1
-0.09
-0.08
-0.07
-0.06
-0.05
-0.03
-0.02
-0.01
-0.0
0.01
0.01
0.02
0.03
0.03
0.04
0.04
0.04
0.04
0.04
0.04
0.03
0.03
0.02
0.01
0.0
-0.01
-0.02
-0.03
-0.04
-0.05
-0.06
-0.06
-0.07
-0.08
-0.09
-0.09
-0.1
-0.1
-0.1
-0.1
-0.11
-0.11
-0.1
-0.1
-0.1
-0.1
-0.09
-0.09
-0.08
-0.08
-0.07
-0.07
-0.06
-0.05
-0.05
-0.04
-0.03
-0.03
-0.02
-0.02
-0.01
-0.01
-0.0
-0.0
-0.0
-0.0
-0.0
-0.0
-0.0
-0.01
-0.01
-0.02
-0.02
-0.03
-0.03
-0.04
-0.05
-0.06
-0.07
-0.08
-0.08
-0.09
-0.1
-0.11
-0.11
-0.11
-0.12
-0.12
-0.11
-0.11
-0.11
-0.1
-0.1
-0.09
-0.09
-0.09
-0.08
-0.08
-0.07
-0.07
-0.07
-0.07
-0.07
-0.06
-0.06
-0.06
-0.06
-0.06
-0.06
-0.06
-0.06
-0.06
-0.06
-0.07
-0.07
-0.07
-0.07
-0.07
-0.08
-0.08
-0.08
-0.09
-0.09
-0.09
-0.09
-0.09
-0.09
-0.09
-0.09
-0.09
-0.09
-0.09
-0.09
-0.08
-0.08
-0.08
-0.07
-0.07
-0.06
-0.06
-0.05
-0.05
-0.04
-0.04
-0.03
-0.02
-0.02
-0.01
-0.0
0.0
0.01
0.01
0.02
0.02
0.02
0.02
0.02
0.02
0.02
0.02
0.02
0.01
0.01
0.0
-0.0
-0.01
-0.02
-0.02
-0.03
-0.04
-0.05
-0.05
-0.06
-0.07
-0.08
-0.08
-0.09
-0.09
-0.1
-0.1
-0.1
-0.11
-0.11
-0.11
-0.1
-0.1
-0.1
-0.1
-0.09
-0.09
-0.09
-0.08
-0.08
-0.08
-0.07
-0.07
-0.06
-0.06
-0.05
-0.05
-0.04
-0.04
-0.04
-0.04
-0.04
-0.04
-0.04
-0.04
-0.04
-0.04
-0.05
-0.05
-0.06
-0.06
-0.06
-0.07
-0.07
-0.08
-0.08
-0.08
-0.08
-0.09
-0.09
-0.09
-0.09
-0.09
-0.09
-0.08
-0.08
-0.08
-0.07
-0.07
-0.06
-0.06
-0.05
-0.04
-0.03
-0.03
-0.02
-0.01
-0.0
0.0
0.01
0.01
0.02
0.02
0.02
0.02
0.02
0.02
0.02
0.02
0.01
0.01
-0.0
-0.01
-0.01
-0.02
-0.03
-0.03
-0.04
-0.05
-0.06
-0.07
-0.07
-0.08
-0.09
-0.1
-0.1
-0.11
-0.12
-0.12
-0.13
-0.13
-0.13
-0.13
-0.13
-0.12
-0.12
-0.11
-0.11
-0.1
-0.09
-0.08
-0.08
-0.07
-0.06
-0.06
-0.05
-0.04
-0.04
-0.03
-0.02
-0.02
-0.01
-0.0
0.01
0.01
0.02
0.03
0.03
0.04
0.04
0.05
0.05
0.05
0.05
0.05
0.05
0.05
0.04
0.04
0.03
0.02
0.01
-0.0
-0.01
-0.02
-0.04
-0.05
-0.06
-0.07
-0.09
-0.1
-0.11
-0.11
-0.12
-0.13
-0.13
-0.14
-0.14
-0.14
-0.14
-0.14
-0.14
-0.14
-0.14
-0.13
-0.13
-0.12
-0.12
-0.11
-0.1
-0.09
-0.08
-0.07
-0.06
-0.05
-0.04
-0.03
-0.02
-0.01
0.0
0.01
0.02
0.02
0.03
0.03
0.03
0.03
0.03
0.03
0.02
0.02
0.01
0.0
-0.01
-0.02
-0.03
-0.04
-0.05
-0.06
-0.07
-0.08
-0.09
-0.1
-0.1
-0.11
-0.11
-0.11
-0.12
-0.12
-0.12
-0.12
-0.11
-0.11
-0.11
-0.1
-0.1
-0.09
-0.09
-0.08
-0.08
-0.07
-0.06
-0.05
-0.04
-0.03
-0.03
-0.02
-0.01
-0.0
0.01
0.01
0.02
0.02
0.02
0.03
0.03
0.03
0.03
0.03
0.02
0.02
0.02
0.01
0.01
0.0
-0.01
-0.01
-0.02
-0.03
-0.04
-0.05
-0.06
-0.06
-0.07
-0.08
-0.09
-0.1
-0.1
-0.11
-0.11
-0.12
-0.12
-0.12
-0.12
-0.11
-0.11
-0.11
-0.1
-0.1
-0.09
-0.08
-0.08
-0.07
-0.06
-0.05
-0.05
-0.04
-0.04
-0.03
-0.03
-0.03
-0.03
-0.02
-0.02
-0.02
-0.02
-0.02
-0.02
-0.02
-0.02
-0.03
-0.03
-0.03
-0.04
-0.04
-0.04
-0.05
-0.05
-0.06
-0.06
-0.07
-0.07
-0.07
-0.07
-0.07
-0.07
-0.07
-0.07
-0.07
-0.06
-0.06
-0.05
-0.05
-0.04
-0.04
-0.03
-0.03
-0.02
-0.02
-0.01
-0.01
