-0.12
-0.12
-0.12
-0.13
-0.13
-0.12
-0.12
-0.12
-0.11
-0.11
-0.1
-0.09
-0.09
-0.08
-0.08
-0.07
-0.07
-0.07
-0.07
-0.07
-0.07
-0.08
-0.09
-0.1
-0.11
-0.13
-0.14
-0.16
-0.17
-0.18
-0.19
-0.2
-0.21
-0.21
-0.21
-0.21
-0.21
-0.2
-0.2
-0.19
-0.18
-0.17
-0.15
-0.14
-0.12
-0.11
-0.09
-0.07
-0.05
-0.03
-0.01
0.0
0.02
0.03
0.05
0.06
0.07
0.07
0.08
0.08
0.08
0.08
0.07
0.07
0.06
0.05
0.04
0.02
0.0
-0.01
-0.03
-0.05
-0.07
-0.09
-0.1
-0.12
-0.13
-0.15
-0.16
-0.16
-0.17
-0.18
-0.18
-0.19
-0.19
-0.19
-0.19
-0.19
-0.18
-0.18
-0.17
-0.16
-0.15
-0.15
-0.14
-0.13
-0.12
-0.11
-0.1
-0.09
-0.09
-0.08
-0.08
-0.07
-0.07
-0.06
-0.06
-0.06
-0.06
-0.06
-0.06
-0.06
-0.06
-0.06
-0.07
-0.07
-0.07
-0.07
-0.07
-0.07
-0.07
-0.07
-0.07
-0.07
-0.07
-0.07
-0.07
-0.06
-0.06
-0.06
-0.06
-0.06
-0.06
-0.06
-0.06
-0.06
-0.06
-0.06
-0.07
-0.07
-0.07
-0.07
-0.07
-0.08
-0.08
-0.08
-0.09
-0.09
-0.1
-0.1
-0.11
-0.12
-0.12
-0.13
-0.14
-0.15
-0.16
-0.17
-0.18
-0.19
-0.2
-0.21
-0.22
-0.23
-0.24
-0.25
-0.26
-0.26
-0.26
-0.27
-0.26
-0.26
-0.25
-0.24
-0.23
-0.22
-0.2
-0.19
-0.17
-0.15
-0.13
-0.11
-0.09
-0.07
-0.05
-0.03
-0.01
0.0
0.02
0.04
0.06
0.07
0.08
0.09
0.1
0.11
0.11
0.12
0.12
0.12
0.11
0.11
0.1
0.09
0.07
0.06
0.04
0.01
-0.01
-0.04
-0.06
-0.09
-0.12
-0.14
-0.17
-0.19
-0.21
-0.22
-0.23
-0.24
-0.24
-0.24
-0.23
-0.23
-0.22
-0.21
-0.19
-0.18
-0.17
-0.15
-0.14
-0.13
-0.12
-0.11
-0.1
-0.1
-0.09
-0.09
-0.08
-0.08
-0.08
-0.08
-0.08
-0.08
-0.09
-0.09
-0.1
-0.12
-0.13
-0.14
-0.16
-0.18
-0.2
-0.21
-0.23
-0.24
-0.25
-0.27
-0.27
-0.28
-0.29
-0.3
-0.31
-0.32
-0.33
-0.35
-0.36
-0.38
-0.39
-0.41
-0.42
-0.42
-0.41
-0.4
-0.37
-0.34
-0.29
-0.23
-0.17
-0.1
-0.03
0.04
0.11
0.17
0.22
0.26
0.29
0.3
0.3
0.29
0.27
0.24
0.19
0.14
0.09
0.04
-0.01
-0.05
-0.09
-0.12
-0.14
-0.15
-0.14
-0.13
-0.1
-0.07
-0.04
-0.0
0.04
0.08
0.11
0.14
0.17
0.2
0.22
0.23
0.25
0.26
0.28
0.29
0.31
0.32
0.34
0.36
0.38
0.4
0.43
0.45
0.47
0.5
0.52
0.54
0.57
0.59
0.62
0.64
0.67
0.71
0.75
0.79
0.83
0.87
0.91
0.93
0.94
0.93
0.89
0.83
0.75
0.64
0.5
0.34
0.17
-0.02
-0.21
-0.41
-0.6
-0.78
-0.95
-1.1
-1.24
-1.35
-1.44
-1.52
-1.57
-1.61
-1.63
-1.64
-1.64
-1.63
-1.61
-1.6
-1.58
-1.56
-1.54
-1.52
-1.49
-1.46
-1.42
-1.38
-1.32
-1.25
-1.17
-1.08
-0.98
-0.87
-0.75
-0.62
-0.48
-0.34
-0.2
-0.06
0.08
0.23
0.37
0.51
0.65
0.78
0.91
1.03
1.14
1.23
1.32
1.38
1.43
1.46
1.47
1.47
1.45
1.42
1.38
1.33
1.27
1.2
1.12
1.04
0.94
0.82
0.7
0.56
0.41
0.25
0.09
-0.08
-0.24
-0.4
-0.56
-0.7
-0.83
-0.95
-1.06
-1.15
-1.23
-1.29
-1.34
-1.38
-1.41
-1.43
-1.44
-1.45
-1.44
-1.43
-1.41
-1.39
-1.35
-1.31
-1.26
-1.21
-1.14
-1.07
-1.0
-0.91
-0.82
-0.73
-0.64
-0.54
-0.44
-0.35
-0.26
-0.17
-0.09
-0.01
0.07
0.14
0.21
0.28
0.35
0.43
0.5
0.58
0.65
0.72
0.78
0.83
0.87
0.9
0.92
0.93
0.94
0.94
0.94
0.94
0.95
0.96
0.98
1.0
1.01
1.02
1.02
1.0
0.97
0.92
0.84
0.75
0.64
0.51
0.37
0.22
0.06
-0.09
-0.24
-0.39
-0.53
-0.66
-0.78
-0.89
-0.99
-1.09
-1.18
-1.25
-1.33
-1.39
-1.44
-1.48
-1.52
-1.54
-1.55
-1.56
-1.55
-1.53
-1.5
-1.46
-1.41
-1.35
-1.28
-1.19
-1.09
-0.99
-0.88
-0.76
-0.63
-0.5
-0.37
-0.24
-0.12
0.01
0.13
0.25
0.36
0.47
0.57
0.67
0.77
0.86
0.95
1.03
1.1
1.17
1.23
1.28
1.33
1.37
1.41
1.44
1.46
1.47
1.46
1.44
1.4
1.34
1.26
1.15
1.02
0.86
0.69
0.51
0.31
0.11
-0.09
-0.3
-0.5
-0.68
-0.86
-1.02
-1.17
-1.3
-1.42
-1.52
-1.6
-1.67
-1.73
-1.77
-1.8
-1.81
-1.82
-1.8
-1.78
-1.73
-1.68
-1.6
-1.52
-1.41
-1.3
-1.17
-1.03
-0.89
-0.74
-0.59
-0.43
-0.28
-0.14
0.0
0.13
0.26
0.38
0.49
0.59
0.68
0.77
0.84
0.9
0.95
0.98
1.01
1.03
1.05
1.06
1.07
1.08
1.1
1.11
1.12
1.13
1.12
1.11
1.08
1.04
0.97
0.89
0.79
0.66
0.52
0.37
0.2
0.03
-0.15
-0.33
-0.51
-0.68
-0.84
-1.0
-1.15
-1.28
-1.41
-1.51
-1.61
-1.68
-1.75
-1.79
-1.81
-1.82
-1.81
-1.79
-1.75
-1.7
-1.63
-1.56
-1.48
-1.39
-1.29
-1.19
-1.09
-0.98
-0.87
-0.76
-0.65
-0.54
-0.43
-0.31
-0.19
-0.07
0.05
0.17
0.29
0.41
0.52
0.63
0.73
0.82
0.91
0.98
1.04
1.1
1.16
1.22
1.27
1.33
1.38
1.43
1.47
1.49
1.5
1.49
1.45
1.38
1.28
1.15
1.0
0.83
0.63
0.43
0.22
0.01
-0.19
-0.39
-0.57
-0.74
-0.89
-1.02
-1.13
-1.21
-1.29
-1.34
-1.38
-1.4
-1.42
-1.43
-1.42
-1.42
-1.4
-1.39
-1.36
-1.34
-1.3
-1.26
-1.22
-1.16
-1.1
-1.04
-0.96
-0.88
-0.8
-0.71
-0.62
-0.52
-0.42
-0.32
-0.22
-0.12
-0.02
0.09
0.19
0.29
0.39
0.49
0.58
0.66
0.74
0.82
0.9
0.97
1.05
1.12
1.2
1.28
1.35
1.42
1.47
1.5
1.52
1.51
1.47
1.4
1.31
1.19
1.05
0.88
0.7
0.51
0.31
0.11
-0.09
-0.28
-0.47
-0.65
-0.82
-0.97
-1.11
-1.23
-1.34
-1.44
-1.52
-1.58
-1.63
-1.66
-1.69
-1.7
-1.69
-1.67
-1.64
-1.6
-1.54
-1.47
-1.38
-1.29
-1.18
-1.07
-0.95
-0.83
-0.7
-0.58
-0.46
-0.34
-0.22
-0.1
0.02
0.13
0.25
0.37
0.48
0.58
0.69
0.78
0.87
0.96
1.05
1.13
1.22
1.3
1.37
1.44
1.49
1.53
1.55
1.54
1.5
1.44
1.34
1.22
1.07
0.89
0.7
0.5
0.29
0.08
-0.12
-0.32
-0.5
-0.67
-0.82
-0.96
-1.08
-1.18
-1.27
-1.34
-1.41
-1.46
-1.5
-1.53
-1.56
-1.58
-1.58
-1.58
-1.57
-1.55
-1.51
-1.46
-1.4
-1.33
-1.24
-1.14
-1.04
-0.92
-0.79
-0.66
-0.52
-0.38
-0.24
-0.09
0.05
0.18
0.31
0.44
0.55
0.66
0.76
0.85
0.93
1.0
1.07
1.13
1.19
1.25
1.31
1.37
1.42
1.47
1.5
1.52
1.52
1.49
1.45
1.38
1.28
1.16
1.01
0.85
0.67
0.47
0.27
0.07
-0.14
-0.34
-0.53
-0.71
-0.88
-1.04
-1.18
-1.32
-1.44
-1.54
-1.64
-1.72
-1.78
-1.84
-1.87
-1.9
-1.91
-1.91
-1.89
-1.86
-1.82
-1.76
-1.69
-1.61
-1.52
-1.41
-1.3
-1.18
-1.06
-0.94
-0.81
-0.68
-0.55
-0.42
-0.29
-0.17
-0.05
0.07
0.18
0.29
0.4
0.5
0.6
0.69
0.77
0.86
0.93
1.01
1.08
1.16
1.23
1.31
1.39
1.46
1.53
1.59
1.63
1.66
1.65
1.62
1.56
1.47
1.36
1.21
1.04
0.86
0.66
0.45
0.24
0.03
-0.17
-0.36
-0.53
-0.7
-0.84
-0.98
-1.1
-1.2
-1.3
-1.38
-1.44
-1.5
-1.55
-1.58
-1.6
-1.61
-1.6
-1.59
-1.55
-1.51
-1.45
-1.38
-1.31
-1.22
-1.12
-1.02
-0.91
-0.8
-0.68
-0.57
-0.45
-0.34
-0.22
-0.1
0.01
0.13
0.25
0.36
0.49
0.61
0.73
0.85
0.97
1.08
1.19
1.28
1.38
1.46
1.53
1.59
1.64
1.68
1.7
1.71
1.7
1.68
1.63
1.57
1.49
1.39
1.28
1.14
0.99
0.82
0.63
0.44
0.23
0.02
-0.19
-0.4
-0.61
-0.82
-1.02
-1.2
-1.38
-1.54
-1.69
-1.82
-1.93
-2.02
-2.09
-2.14
-2.16
-2.17
-2.16
-2.13
-2.08
-2.01
-1.92
-1.81
-1.7
-1.56
-1.42
-1.27
-1.11
-0.96
-0.8
-0.65
-0.5
-0.36
-0.23
-0.11
-0.0
0.1
0.19
0.28
0.36
0.44
0.51
0.59
0.66
0.73
0.8
0.87
0.94
1.01
1.07
1.13
1.19
1.25
1.3
1.36
1.4
1.44
1.48
1.5
1.5
1.49
1.45
1.39
1.31
1.2
1.07
0.93
0.76
0.59
0.4
0.21
0.03
-0.16
-0.33
-0.5
-0.66
-0.8
-0.94
-1.06
-1.17
-1.27
-1.35
-1.42
-1.47
-1.51
-1.54
-1.55
-1.55
-1.53
-1.51
-1.47
-1.43
-1.37
-1.31
-1.24
-1.16
-1.08
-1.0
-0.91
-0.83
-0.75
-0.66
-0.58
-0.5
-0.42
-0.34
-0.26
-0.18
-0.1
-0.02
0.06
0.14
0.22
0.3
0.37
0.45
0.52
0.59
0.66
0.74
0.81
0.89
0.97
1.05
1.14
1.22
1.29
1.35
1.39
1.42
1.42
1.39
1.33
1.25
1.13
0.99
0.82
0.63
0.43
0.23
0.02
-0.19
-0.38
-0.57
-0.75
-0.91
-1.05
-1.18
-1.29
-1.38
-1.46
-1.52
-1.56
-1.6
-1.61
-1.61
-1.6
-1.58
-1.55
-1.5
-1.45
-1.38
-1.31
-1.23
-1.14
-1.04
-0.94
-0.84
-0.73
-0.63
-0.53
-0.43
-0.33
-0.23
-0.14
-0.05
0.03
0.11
0.19
0.27
0.34
0.41
0.47
0.52
0.57
0.62
0.66
0.7
0.74
0.78
0.82
0.87
0.93
0.98
1.04
1.09
1.14
1.17
1.19
1.19
1.17
1.12
1.05
0.96
0.84
0.7
0.55
0.39
0.22
0.05
-0.12
-0.28
-0.44
-0.59
-0.73
-0.86
-0.97
-1.08
-1.18
-1.26
-1.33
-1.39
-1.44
-1.47
-1.5
-1.51
-1.52
-1.51
-1.49
-1.47
-1.43
-1.38
-1.33
-1.26
-1.19
-1.11
-1.02
-0.93
-0.84
-0.74
-0.64
-0.55
-0.45
-0.36
-0.26
-0.17
-0.08
0.01
0.09
0.18
0.26
0.34
0.42
0.49
0.56
0.64
0.71
0.78
0.86
0.95
1.03
1.12
1.21
1.3
1.37
1.43
1.47
1.48
1.47
1.43
1.37
1.27
1.15
1.01
0.85
0.68
0.5
0.31
0.13
-0.05
-0.23
-0.39
-0.54
-0.68
-0.81
-0.93
-1.03
-1.13
-1.21
-1.28
-1.34
-1.38
-1.42
-1.45
-1.46
-1.47
-1.46
-1.45
-1.42
-1.38
-1.33
-1.27
-1.2
-1.11
-1.02
-0.93
-0.83
-0.73
-0.63
-0.53
-0.43
-0.34
-0.25
-0.16
-0.08
0.0
0.08
0.15
0.22
0.29
0.36
0.43
0.49
0.55
0.61
0.68
0.74
0.8
0.86
0.92
0.99
1.06
1.13
1.21
1.29
1.37
1.43
1.49
1.53
1.54
1.53
1.49
1.41
1.31
1.17
1.02
0.84
0.64
0.43
0.21
-0.0
-0.21
-0.42
-0.61
-0.8
-0.96
-1.11
-1.24
-1.36
-1.46
-1.54
-1.6
-1.66
-1.69
-1.72
-1.73
-1.73
-1.71
-1.68
-1.64
-1.59
-1.53
-1.46
-1.38
-1.29
-1.19
-1.09
-0.98
-0.87
-0.76
-0.65
-0.53
-0.41
-0.29
-0.18
-0.07
0.04
0.15
0.24
0.33
0.41
0.47
0.53
0.58
0.61
0.64
0.66
0.68
0.69
0.7
0.7
0.7
0.7
0.7
0.69
0.69
0.68
0.68
0.69
0.69
0.71
0.73
0.75
0.77
0.78
0.79
0.78
0.76
0.72
0.66
0.58
0.48
0.37
0.24
0.11
-0.02
-0.15
-0.28
-0.4
-0.51
-0.6
-0.68
-0.75
-0.8
-0.85
-0.88
-0.9
-0.91
-0.92
-0.93
-0.93
-0.93
-0.92
-0.92
-0.92
-0.91
-0.89
-0.88
-0.86
-0.83
-0.79
-0.75
-0.71
-0.65
-0.6
-0.53
-0.47
-0.41
-0.34
-0.28
-0.22
-0.17
-0.12
-0.08
-0.05
-0.02
-0.01
0.01
0.01
0.02
0.02
0.03
0.03
0.04
0.05
0.06
0.08
0.09
0.1
0.12
0.13
0.13
0.13
0.13
0.11
0.09
0.07
0.04
-0.0
-0.04
-0.09
-0.13
-0.18
-0.22
-0.26
-0.3
-0.33
-0.36
-0.38
-0.39
-0.39
-0.39
-0.38
-0.36
-0.34
-0.32
-0.29
-0.26
-0.23
-0.21
-0.18
-0.15
-0.13
-0.11
-0.09
-0.07
-0.05
-0.03
-0.01
0.01
0.03
0.04
0.06
0.07
0.08
0.09
0.1
0.11
0.11
0.11
0.11
0.11
0.1
0.1
0.08
0.07
0.06
0.04
0.02
0.01
-0.01
-0.03
-0.06
-0.08
-0.1
-0.12
-0.15
-0.17
-0.19
-0.21
-0.23
-0.25
-0.27
-0.28
-0.3
-0.31
-0.31
-0.32
-0.32
-0.32
-0.31
-0.3
-0.29
-0.27
-0.26
-0.24
-0.22
-0.2
-0.18
-0.16
-0.15
-0.13
-0.12
-0.1
-0.09
-0.08
-0.06
-0.05
-0.04
-0.03
-0.03
-0.02
-0.01
-0.01
-0.01
-0.01
-0.01
-0.01
-0.02
-0.03
-0.03
-0.04
-0.06
-0.07
-0.08
-0.09
-0.1
-0.12
-0.13
-0.14
-0.14
-0.15
-0.16
-0.16
-0.17
-0.17
-0.17
-0.17
-0.18
-0.18
-0.18
-0.17
-0.17
-0.17
-0.16
-0.16
-0.15
-0.14
-0.13
-0.12
-0.1
-0.09
-0.08
-0.07
-0.06
-0.05
-0.04
-0.03
-0.02
-0.01
-0.01
-0.0
-0.0
0.0
0.0
0.0
0.0
0.0
-0.0
-0.0
-0.01
-0.01
-0.02
-0.02
-0.03
-0.04
-0.04
-0.05
-0.06
-0.06
-0.07
-0.07
-0.08
-0.08
-0.09
-0.09
-0.1
-0.1
-0.11
-0.11
-0.12
-0.12
-0.13
-0.13
-0.14
-0.14
-0.14
-0.14
-0.14
-0.14
-0.14
-0.13
-0.13
-0.13
-0.13
-0.12
-0.12
-0.12
-0.12
-0.11
-0.11
-0.11
-0.11
-0.1
-0.1
-0.1
-0.1
-0.09
-0.09
-0.09
-0.09
-0.08
-0.08
-0.08
-0.08
-0.08
-0.08
-0.08
-0.08
-0.09
-0.09
-0.09
-0.1
-0.1
-0.1
-0.11
-0.11
-0.11
-0.12
-0.12
-0.12
-0.12
-0.12
-0.12
-0.13
-0.13
-0.13
-0.13
-0.13
-0.13
-0.13
-0.13
-0.13
-0.12
-0.12
-0.12
-0.12
-0.11
-0.11
-0.1
-0.1
-0.1
-0.09
-0.09
-0.09
-0.09
-0.09
-0.1
-0.1
-0.1
-0.11
-0.11
-0.12
-0.13
-0.13
-0.14
-0.15
-0.16
-0.16
-0.17
-0.17
-0.18
-0.18
-0.18
-0.19
-0.19
-0.19
-0.19
-0.18
-0.18
-0.18
-0.18
-0.17
-0.16
-0.16
-0.15
-0.14
-0.14
-0.13
-0.13
-0.13
-0.12
-0.12
-0.12
-0.12
-0.12
-0.12
-0.12
-0.13
-0.13
-0.13
-0.13
-0.13
-0.13
-0.13
-0.14
-0.14
-0.14
-0.15
-0.15
-0.15
-0.16
-0.16
-0.16
-0.17
-0.17
-0.16
-0.16
-0.16
-0.15
-0.15
-0.14
-0.13
-0.12
-0.11
-0.1
-0.09
-0.08
-0.08
-0.07
-0.06
-0.05
-0.05
-0.04
-0.04
-0.03
-0.03
-0.03
-0.03
-0.03
-0.03
-0.03
-0.04
-0.05
-0.05
-0.06
-0.07
-0.08
-0.09
-0.09
-0.1
-0.11
-0.12
-0.13
-0.13
-0.14
-0.14
-0.14
-0.14
-0.15
-0.15
-0.15
-0.14
-0.14
-0.14
-0.13
-0.13
-0.12
-0.12
-0.11
-0.1
-0.1
-0.09
-0.08
-0.08
-0.07
-0.07
-0.07
-0.06
-0.06
-0.06
-0.06
-0.06
-0.07
-0.07
-0.07
-0.08
-0.08
-0.09
-0.1
-0.1
-0.11
-0.12
-0.13
-0.14
-0.15
-0.16
-0.17
-0.18
-0.18
-0.19
-0.19
-0.19
-0.19
-0.19
-0.18
-0.18
-0.17
-0.16
-0.15
-0.14
-0.13
-0.12
-0.11
-0.1
-0.1
-0.09
-0.08
-0.08
-0.07
-0.06
-0.06
-0.06
-0.05
-0.05
-0.05
-0.04
-0.04
-0.04
-0.04
-0.04
-0.04
-0.04
-0.05
-0.05
-0.05
-0.06
-0.06
-0.07
-0.07
-0.08
-0.08
-0.09
-0.09
-0.09
-0.1
-0.1
-0.1
-0.11
-0.11
-0.11
-0.11
-0.11
-0.11
-0.11
-0.11
-0.1
-0.1
-0.1
-0.1
-0.1
-0.1
-0.1
-0.09
-0.09
-0.09
-0.08
-0.08
-0.07
-0.07
-0.07
-0.06
-0.06
-0.06
-0.05
-0.05
-0.05
-0.05
-0.06
-0.06
-0.06
-0.07
