0.04
0.03
0.01
0.0
-0.01
-0.02
-0.03
-0.04
-0.05
-0.06
-0.06
-0.07
-0.07
-0.07
-0.08
-0.08
-0.08
-0.08
-0.08
-0.08
-0.08
-0.09
-0.09
-0.09
-0.1
-0.1
-0.11
-0.11
-0.12
-0.12
-0.12
-0.13
-0.13
-0.13
-0.14
-0.14
-0.14
-0.13
-0.13
-0.13
-0.12
-0.11
-0.11
-0.1
-0.09
-0.08
-0.07
-0.07
-0.06
-0.06
-0.06
-0.06
-0.06
-0.06
-0.06
-0.07
-0.07
-0.07
-0.07
-0.08
-0.08
-0.08
-0.08
-0.08
-0.08
-0.08
-0.08
-0.08
-0.09
-0.09
-0.1
-0.11
-0.12
-0.13
-0.14
-0.14
-0.15
-0.16
-0.16
-0.16
-0.17
-0.17
-0.17
-0.17
-0.16
-0.16
-0.16
-0.16
-0.16
-0.15
-0.15
-0.14
-0.13
-0.12
-0.11
-0.1
-0.09
-0.07
-0.06
-0.04
-0.03
-0.01
0.0
0.02
0.03
0.04
0.05
0.07
0.07
0.08
0.09
0.09
0.09
0.09
0.09
0.09
0.08
0.07
0.07
0.06
0.05
0.04
0.03
0.02
0.01
-0.0
-0.01
-0.02
-0.03
-0.03
-0.04
-0.04
-0.05
-0.05
-0.06
-0.06
-0.07
-0.07
-0.08
-0.09
-0.09
-0.1
-0.11
-0.12
-0.12
-0.13
-0.14
-0.14
-0.14
-0.15
-0.15
-0.15
-0.15
-0.15
-0.16
-0.16
-0.16
-0.16
-0.16
-0.16
-0.16
-0.16
-0.16
-0.16
-0.16
-0.16
-0.15
-0.15
-0.13
-0.12
-0.1
-0.09
-0.07
-0.05
-0.03
-0.02
-0.01
-0.0
-0.0
-0.0
-0.01
-0.01
-0.02
-0.03
-0.05
-0.06
-0.07
-0.07
-0.08
-0.08
-0.07
-0.07
-0.06
-0.05
-0.03
-0.02
-0.01
-0.0
0.01
0.02
0.02
0.03
0.03
0.03
0.03
0.03
0.03
0.03
0.02
0.01
0.01
-0.0
-0.01
-0.02
-0.03
-0.05
-0.06
-0.07
-0.09
-0.1
-0.11
-0.12
-0.14
-0.15
-0.16
-0.18
-0.19
-0.2
-0.21
-0.21
-0.22
-0.22
-0.23
-0.23
-0.22
-0.22
-0.21
-0.21
-0.2
-0.19
-0.18
-0.16
-0.15
-0.13
-0.12
-0.1
-0.09
-0.07
-0.06
-0.04
-0.03
-0.02
-0.01
-0.0
0.01
0.01
0.02
0.02
0.02
0.02
0.02
0.02
0.02
0.02
0.02
0.01
0.01
0.01
0.0
-0.0
-0.0
-0.01
-0.01
-0.01
-0.01
-0.0
-0.0
0.0
0.01
0.01
0.01
0.01
0.01
0.01
0.01
0.01
0.01
0.01
0.01
0.0
-0.0
-0.01
-0.02
-0.03
-0.04
-0.06
-0.08
-0.1
-0.13
-0.15
-0.17
-0.2
-0.22
-0.23
-0.25
-0.26
-0.27
-0.27
-0.28
-0.29
-0.3
-0.31
-0.32
-0.34
-0.35
-0.37
-0.39
-0.4
-0.42
-0.43
-0.44
-0.45
-0.46
-0.47
-0.47
-0.47
-0.46
-0.45
-0.43
-0.4
-0.36
-0.31
-0.26
-0.21
-0.15
-0.1
-0.05
-0.01
0.03
0.05
0.07
0.08
0.09
0.08
0.07
0.06
0.05
0.04
0.03
0.03
0.04
0.05
0.06
0.09
0.12
0.16
0.19
0.24
0.28
0.32
0.37
0.41
0.45
0.49
0.52
0.55
0.57
0.58
0.6
0.6
0.6
0.6
0.59
0.59
0.58
0.57
0.56
0.54
0.52
0.5
0.47
0.44
0.4
0.37
0.34
0.32
0.31
0.3
0.31
0.32
0.34
0.36
0.38
0.39
0.38
0.36
0.33
0.28
0.21
0.13
0.04
-0.06
-0.16
-0.26
-0.36
-0.46
-0.55
-0.63
-0.71
-0.77
-0.83
-0.88
-0.91
-0.94
-0.96
-0.97
-0.98
-0.98
-0.98
-0.97
-0.96
-0.96
-0.95
-0.94
-0.93
-0.92
-0.9
-0.89
-0.87
-0.85
-0.82
-0.79
-0.76
-0.71
-0.66
-0.6
-0.53
-0.46
-0.38
-0.3
-0.21
-0.12
-0.03
0.06
0.16
0.25
0.34
0.43
0.52
0.6
0.67
0.74
0.8
0.85
0.89
0.92
0.93
0.94
0.93
0.91
0.88
0.85
0.82
0.78
0.75
0.72
0.69
0.66
0.63
0.6
0.55
0.5
0.43
0.34
0.24
0.11
-0.03
-0.19
-0.36
-0.53
-0.71
-0.88
-1.04
-1.18
-1.3
-1.39
-1.45
-1.49
-1.5
-1.48
-1.44
-1.38
-1.31
-1.23
-1.14
-1.05
-0.96
-0.88
-0.81
-0.73
-0.67
-0.61
-0.56
-0.52
-0.48
-0.44
-0.4
-0.37
-0.34
-0.31
-0.28
-0.25
-0.22
-0.19
-0.16
-0.13
-0.11
-0.08
-0.06
-0.04
-0.01
0.01
0.04
0.07
0.11
0.15
0.19
0.24
0.29
0.34
0.4
0.45
0.5
0.55
0.61
0.67
0.73
0.8
0.87
0.95
1.04
1.13
1.21
1.29
1.36
1.41
1.44
1.44
1.41
1.35
1.26
1.15
1.02
0.86
0.7
0.53
0.35
0.17
0.0
-0.17
-0.33
-0.48
-0.63
-0.77
-0.9
-1.01
-1.12
-1.22
-1.3
-1.37
-1.43
-1.47
-1.5
-1.52
-1.52
-1.5
-1.48
-1.44
-1.4
-1.35
-1.29
-1.22
-1.16
-1.08
-1.01
-0.93
-0.85
-0.77
-0.68
-0.59
-0.5
-0.39
-0.28
-0.17
-0.05
0.08
0.21
0.34
0.48
0.61
0.73
0.85
0.96
1.07
1.16
1.25
1.32
1.39
1.46
1.52
1.57
1.61
1.65
1.67
1.68
1.66
1.62
1.55
1.46
1.32
1.16
0.96
0.74
0.5
0.24
-0.02
-0.28
-0.54
-0.78
-1.0
-1.2
-1.37
-1.51
-1.62
-1.71
-1.77
-1.81
-1.83
-1.84
-1.83
-1.8
-1.77
-1.73
-1.68
-1.62
-1.55
-1.47
-1.38
-1.29
-1.19
-1.09
-0.98
-0.87
-0.75
-0.64
-0.53
-0.43
-0.32
-0.22
-0.13
-0.04
0.05
0.13
0.2
0.27
0.33
0.39
0.45
0.5
0.56
0.61
0.65
0.7
0.75
0.8
0.85
0.9
0.96
1.02
1.1
1.18
1.26
1.33
1.41
1.47
1.51
1.53
1.52
1.48
1.4
1.29
1.15
0.98
0.78
0.57
0.34
0.1
-0.14
-0.37
-0.59
-0.81
-1.0
-1.17
-1.33
-1.46
-1.57
-1.66
-1.72
-1.76
-1.78
-1.78
-1.76
-1.72
-1.66
-1.59
-1.51
-1.42
-1.31
-1.2
-1.09
-0.97
-0.85
-0.73
-0.62
-0.51
-0.4
-0.3
-0.21
-0.12
-0.04
0.03
0.09
0.15
0.21
0.26
0.31
0.36
0.41
0.45
0.49
0.54
0.57
0.6
0.63
0.66
0.69
0.72
0.76
0.81
0.86
0.91
0.97
1.02
1.07
1.11
1.12
1.11
1.08
1.01
0.92
0.8
0.65
0.49
0.31
0.13
-0.05
-0.22
-0.39
-0.53
-0.66
-0.76
-0.84
-0.9
-0.94
-0.97
-0.97
-0.97
-0.95
-0.93
-0.9
-0.87
-0.83
-0.79
-0.76
-0.72
-0.68
-0.65
-0.61
-0.58
-0.55
-0.52
-0.49
-0.47
-0.44
-0.42
-0.4
-0.39
-0.37
-0.36
-0.35
-0.33
-0.31
-0.28
-0.25
-0.2
-0.15
-0.08
-0.01
0.08
0.16
0.25
0.34
0.44
0.53
0.62
0.72
0.82
0.92
1.03
1.14
1.25
1.35
1.44
1.52
1.58
1.6
1.6
1.56
1.48
1.37
1.22
1.04
0.85
0.63
0.41
0.18
-0.04
-0.25
-0.45
-0.63
-0.79
-0.93
-1.06
-1.16
-1.24
-1.31
-1.35
-1.39
-1.4
-1.4
-1.39
-1.37
-1.34
-1.29
-1.24
-1.19
-1.13
-1.07
-1.0
-0.93
-0.86
-0.78
-0.7
-0.61
-0.53
-0.44
-0.35
-0.27
-0.18
-0.1
-0.02
0.05
0.11
0.17
0.22
0.27
0.31
0.34
0.36
0.38
0.4
0.42
0.43
0.45
0.48
0.52
0.57
0.63
0.71
0.78
0.86
0.92
0.98
1.01
1.02
1.0
0.95
0.86
0.74
0.6
0.44
0.26
0.07
-0.12
-0.3
-0.47
-0.62
-0.74
-0.85
-0.93
-0.99
-1.04
-1.06
-1.08
-1.09
-1.1
-1.1
-1.11
-1.11
-1.11
-1.12
-1.12
-1.12
-1.11
-1.1
-1.08
-1.05
-1.01
-0.97
-0.92
-0.86
-0.79
-0.73
-0.66
-0.59
-0.52
-0.45
-0.39
-0.33
-0.28
-0.23
-0.17
-0.12
-0.06
0.0
0.07
0.15
0.24
0.33
0.44
0.55
0.68
0.82
0.97
1.13
1.29
1.45
1.6
1.75
1.87
1.97
2.04
2.07
2.06
2.0
1.91
1.77
1.6
1.41
1.18
0.95
0.7
0.46
0.22
-0.01
-0.22
-0.41
-0.58
-0.74
-0.88
-1.0
-1.1
-1.19
-1.27
-1.33
-1.38
-1.42
-1.44
-1.46
-1.47
-1.47
-1.46
-1.44
-1.42
-1.38
-1.34
-1.28
-1.22
-1.14
-1.06
-0.96
-0.86
-0.75
-0.64
-0.53
-0.42
-0.31
-0.2
-0.1
-0.0
0.09
0.17
0.25
0.32
0.38
0.43
0.48
0.52
0.56
0.6
0.64
0.67
0.72
0.76
0.81
0.87
0.93
0.99
1.05
1.1
1.13
1.14
1.12
1.07
1.0
0.88
0.74
0.58
0.39
0.2
-0.0
-0.2
-0.38
-0.55
-0.7
-0.82
-0.92
-0.99
-1.04
-1.07
-1.09
-1.09
-1.09
-1.08
-1.06
-1.05
-1.04
-1.02
-1.01
-1.0
-0.99
-0.97
-0.95
-0.92
-0.89
-0.85
-0.81
-0.75
-0.68
-0.61
-0.52
-0.43
-0.34
-0.24
-0.13
-0.03
0.08
0.18
0.29
0.39
0.48
0.58
0.67
0.76
0.84
0.92
1.0
1.07
1.14
1.21
1.27
1.32
1.37
1.42
1.47
1.51
1.55
1.58
1.6
1.61
1.6
1.58
1.53
1.45
1.35
1.23
1.07
0.89
0.68
0.46
0.21
-0.04
-0.29
-0.54
-0.78
-1.01
-1.23
-1.42
-1.6
-1.75
-1.89
-2.0
-2.09
-2.16
-2.2
-2.23
-2.24
-2.23
-2.2
-2.15
-2.09
-2.02
-1.93
-1.83
-1.71
-1.59
-1.46
-1.32
-1.17
-1.03
-0.88
-0.72
-0.57
-0.42
-0.27
-0.13
0.01
0.15
0.28
0.4
0.52
0.63
0.73
0.82
0.91
0.98
1.05
1.1
1.15
1.18
1.2
1.22
1.24
1.25
1.26
1.28
1.3
1.32
1.34
1.37
1.38
1.39
1.38
1.35
1.29
1.2
1.09
0.95
0.78
0.59
0.38
0.16
-0.07
-0.3
-0.52
-0.73
-0.92
-1.1
-1.26
-1.39
-1.5
-1.59
-1.65
-1.7
-1.73
-1.74
-1.73
-1.71
-1.67
-1.61
-1.55
-1.47
-1.38
-1.28
-1.18
-1.06
-0.94
-0.82
-0.7
-0.58
-0.46
-0.34
-0.23
-0.12
-0.01
0.09
0.19
0.28
0.37
0.45
0.54
0.62
0.7
0.78
0.86
0.94
1.01
1.08
1.14
1.19
1.24
1.27
1.31
1.33
1.36
1.38
1.4
1.42
1.44
1.45
1.46
1.45
1.42
1.38
1.31
1.22
1.1
0.95
0.78
0.58
0.36
0.13
-0.11
-0.35
-0.59
-0.82
-1.04
-1.24
-1.42
-1.57
-1.7
-1.81
-1.89
-1.95
-1.98
-2.0
-1.99
-1.97
-1.93
-1.88
-1.82
-1.75
-1.67
-1.59
-1.5
-1.41
-1.32
-1.23
-1.13
-1.04
-0.94
-0.85
-0.75
-0.66
-0.56
-0.47
-0.37
-0.27
-0.17
-0.07
0.03
0.13
0.23
0.33
0.43
0.52
0.62
0.71
0.79
0.87
0.95
1.02
1.09
1.16
1.23
1.3
1.38
1.46
1.54
1.62
1.7
1.77
1.83
1.86
1.87
1.84
1.79
1.7
1.57
1.41
1.22
1.0
0.76
0.5
0.24
-0.03
-0.29
-0.54
-0.78
-1.0
-1.2
-1.38
-1.53
-1.66
-1.76
-1.84
-1.89
-1.92
-1.93
-1.91
-1.88
-1.82
-1.76
-1.68
-1.59
-1.5
-1.39
-1.29
-1.18
-1.07
-0.96
-0.85
-0.75
-0.64
-0.53
-0.43
-0.33
-0.24
-0.15
-0.06
0.01
0.09
0.16
0.23
0.29
0.36
0.42
0.49
0.55
0.62
0.69
0.76
0.83
0.9
0.97
1.05
1.13
1.22
1.31
1.39
1.47
1.55
1.6
1.64
1.65
1.64
1.59
1.51
1.39
1.25
1.08
0.88
0.67
0.46
0.23
0.02
-0.19
-0.39
-0.58
-0.74
-0.89
-1.02
-1.14
-1.23
-1.32
-1.38
-1.43
-1.47
-1.5
-1.51
-1.51
-1.5
-1.48
-1.45
-1.41
-1.36
-1.31
-1.25
-1.19
-1.12
-1.04
-0.97
-0.89
-0.81
-0.73
-0.66
-0.58
-0.5
-0.43
-0.35
-0.28
-0.2
-0.13
-0.05
0.03
0.11
0.2
0.29
0.37
0.46
0.55
0.64
0.72
0.79
0.87
0.93
1.0
1.06
1.13
1.19
1.26
1.32
1.38
1.42
1.45
1.46
1.45
1.41
1.33
1.22
1.08
0.91
0.72
0.51
0.28
0.05
-0.18
-0.4
-0.61
-0.8
-0.97
-1.12
-1.24
-1.35
-1.44
-1.51
-1.57
-1.62
-1.66
-1.68
-1.7
-1.71
-1.7
-1.68
-1.64
-1.59
-1.52
-1.44
-1.34
-1.23
-1.1
-0.97
-0.84
-0.7
-0.56
-0.43
-0.3
-0.18
-0.07
0.04
0.13
0.21
0.29
0.36
0.42
0.48
0.53
0.58
0.63
0.68
0.73
0.78
0.83
0.88
0.93
0.97
1.02
1.06
1.09
1.12
1.14
1.16
1.17
1.18
1.18
1.17
1.17
1.16
1.15
1.15
1.14
1.13
1.11
1.08
1.04
0.98
0.9
0.8
0.68
0.54
0.38
0.2
0.01
-0.19
-0.38
-0.58
-0.76
-0.94
-1.1
-1.24
-1.36
-1.47
-1.56
-1.62
-1.67
-1.7
-1.71
-1.69
-1.66
-1.61
-1.53
-1.44
-1.34
-1.22
-1.09
-0.96
-0.82
-0.69
-0.55
-0.43
-0.31
-0.2
-0.09
0.0
0.09
0.16
0.23
0.29
0.33
0.37
0.39
0.41
0.42
0.41
0.4
0.39
0.37
0.34
0.32
0.3
0.27
0.25
0.22
0.2
0.17
0.14
0.11
0.07
0.03
-0.02
-0.07
-0.13
-0.18
-0.24
-0.29
-0.35
-0.4
-0.45
-0.5
-0.54
-0.57
-0.6
-0.62
-0.63
-0.63
-0.62
-0.61
-0.59
-0.56
-0.52
-0.48
-0.44
-0.39
-0.34
-0.29
-0.25
-0.2
-0.16
-0.11
-0.07
-0.04
0.0
0.03
0.07
0.1
0.12
0.15
0.17
0.19
0.2
0.21
0.21
0.21
0.21
0.2
0.2
0.19
0.18
0.17
0.16
0.15
0.14
0.13
0.12
0.12
0.11
0.1
0.09
0.09
0.08
0.07
0.06
0.05
0.04
0.03
0.01
-0.0
-0.02
-0.04
-0.06
-0.08
-0.1
-0.13
-0.15
-0.17
-0.2
-0.22
-0.24
-0.25
-0.27
-0.28
-0.29
-0.3
-0.3
-0.3
-0.3
-0.3
-0.3
-0.29
-0.28
-0.27
-0.26
-0.25
-0.24
-0.22
-0.21
-0.2
-0.18
-0.17
-0.16
-0.14
-0.13
-0.12
-0.11
-0.09
-0.08
-0.07
-0.05
-0.04
-0.03
-0.01
-0.0
0.01
0.01
0.02
0.02
0.02
0.02
0.02
0.02
0.01
0.01
0.0
-0.01
-0.01
-0.02
-0.03
-0.04
-0.05
-0.05
-0.06
-0.07
-0.08
-0.09
-0.09
-0.1
-0.1
-0.11
-0.11
-0.11
-0.11
-0.11
-0.11
-0.11
-0.11
-0.1
-0.1
-0.1
-0.09
-0.08
-0.08
-0.07
-0.06
-0.05
-0.04
-0.03
-0.02
-0.01
0.0
0.01
0.01
0.02
0.02
0.03
0.03
0.03
0.02
0.02
0.01
0.0
-0.01
-0.02
-0.03
-0.05
-0.06
-0.08
-0.09
-0.11
-0.12
-0.14
-0.15
-0.16
-0.17
-0.18
-0.19
-0.19
-0.2
-0.2
-0.2
-0.2
-0.19
-0.19
-0.18
-0.17
-0.16
-0.15
-0.14
-0.12
-0.11
-0.1
-0.08
-0.07
-0.05
-0.04
-0.03
-0.02
-0.01
0.0
0.01
0.01
0.02
0.02
0.02
0.02
0.02
0.02
0.02
0.02
0.02
0.02
0.01
0.01
0.0
-0.0
-0.01
-0.02
-0.02
-0.03
-0.04
-0.05
-0.05
-0.06
-0.07
-0.07
-0.08
-0.08
-0.09
-0.09
-0.09
-0.1
-0.1
-0.1
-0.1
-0.11
-0.11
-0.11
-0.11
-0.12
-0.12
-0.13
-0.13
-0.13
-0.14
-0.14
-0.14
-0.15
-0.15
-0.14
-0.14
-0.14
-0.13
-0.13
-0.12
-0.12
-0.11
-0.1
-0.1
-0.09
-0.08
-0.07
-0.06
-0.05
-0.04
-0.03
-0.02
-0.01
-0.0
0.0
0.01
0.02
0.02
0.02
0.02
0.02
0.02
0.01
0.01
0.0
-0.01
-0.02
-0.03
-0.04
-0.05
-0.06
-0.07
-0.08
-0.09
-0.1
-0.11
-0.11
-0.12
-0.12
-0.13
-0.13
-0.14
-0.14
-0.14
-0.15
-0.15
-0.15
-0.15
-0.16
-0.16
-0.15
-0.15
-0.15
-0.14
-0.14
-0.13
-0.13
-0.12
-0.11
-0.1
-0.09
-0.09
-0.08
-0.08
-0.07
-0.07
-0.07
-0.06
-0.06
-0.06
-0.06
-0.06
-0.06
-0.06
-0.07
-0.07
-0.07
-0.08
-0.08
-0.08
-0.09
-0.09
-0.09
-0.09
-0.1
-0.1
-0.1
-0.1
-0.1
-0.1
-0.09
-0.09
-0.09
-0.08
-0.08
-0.07
-0.07
-0.07
-0.06
-0.06
-0.05
-0.05
-0.05
-0.05
-0.04
-0.04
-0.04
-0.04
-0.04
-0.05
-0.05
-0.06
-0.06
-0.07
-0.08
-0.09
-0.1
-0.11
-0.12
-0.13
-0.14
-0.15
-0.16
-0.17
-0.18
-0.18
-0.19
-0.19
-0.19
-0.19
-0.19
-0.19
-0.18
-0.18
-0.17
-0.17
-0.16
