0.03
0.03
0.03
0.03
0.03
0.02
0.02
0.02
0.01
0.0
-0.0
-0.01
-0.02
-0.03
-0.04
-0.05
-0.06
-0.08
-0.09
-0.09
-0.1
-0.11
-0.11
-0.12
-0.12
-0.12
-0.12
-0.12
-0.12
-0.11
-0.11
-0.11
-0.1
-0.1
-0.1
-0.09
-0.09
-0.08
-0.08
-0.07
-0.07
-0.06
-0.06
-0.05
-0.05
-0.04
-0.04
-0.04
-0.03
-0.03
-0.03
-0.03
-0.03
-0.02
-0.02
-0.02
-0.02
-0.03
-0.03
-0.03
-0.03
-0.04
-0.04
-0.05
-0.05
-0.06
-0.06
-0.06
-0.07
-0.07
-0.07
-0.07
-0.08
-0.08
-0.08
-0.08
-0.08
-0.08
-0.08
-0.08
-0.08
-0.08
-0.08
-0.08
-0.09
-0.09
-0.09
-0.09
-0.09
-0.1
-0.1
-0.1
-0.1
-0.1
-0.1
-0.1
-0.09
-0.09
-0.09
-0.08
-0.08
-0.08
-0.07
-0.07
-0.06
-0.06
-0.06
-0.05
-0.05
-0.05
-0.05
-0.05
-0.05
-0.05
-0.05
-0.05
-0.05
-0.05
-0.06
-0.06
-0.06
-0.06
-0.06
-0.07
-0.07
-0.07
-0.07
-0.07
-0.07
-0.07
-0.06
-0.06
-0.06
-0.06
-0.06
-0.06
-0.06
-0.06
-0.07
-0.07
-0.08
-0.08
-0.09
-0.1
-0.11
-0.11
-0.12
-0.12
-0.13
-0.13
-0.12
-0.12
-0.12
-0.11
-0.1
-0.09
-0.07
-0.06
-0.04
-0.03
-0.01
0.0
0.02
0.03
0.04
0.05
0.06
0.06
0.06
0.06
0.05
0.04
0.02
-0.0
-0.03
-0.06
-0.1
-0.14
-0.18
-0.23
-0.27
-0.32
-0.37
-0.42
-0.47
-0.51
-0.56
-0.59
-0.62
-0.65
-0.67
-0.69
-0.7
-0.7
-0.7
-0.69
-0.67
-0.64
-0.61
-0.57
-0.52
-0.48
-0.43
-0.39
-0.34
-0.3
-0.27
-0.23
-0.2
-0.18
-0.15
-0.12
-0.1
-0.07
-0.04
-0.01
0.02
0.05
0.09
0.12
0.15
0.18
0.21
0.24
0.26
0.27
0.29
0.3
0.3
0.3
0.3
0.3
0.29
0.29
0.29
0.29
0.29
0.3
0.31
0.32
0.34
0.36
0.38
0.41
0.43
0.47
0.5
0.53
0.57
0.6
0.63
0.65
0.68
0.7
0.71
0.72
0.72
0.72
0.71
0.69
0.68
0.66
0.64
0.63
0.61
0.6
0.59
0.57
0.55
0.52
0.48
0.43
0.36
0.28
0.19
0.09
-0.03
-0.15
-0.27
-0.39
-0.51
-0.63
-0.73
-0.83
-0.91
-0.99
-1.04
-1.09
-1.12
-1.14
-1.14
-1.14
-1.13
-1.1
-1.08
-1.04
-1.01
-0.97
-0.93
-0.9
-0.86
-0.83
-0.8
-0.76
-0.73
-0.7
-0.66
-0.62
-0.58
-0.53
-0.49
-0.43
-0.38
-0.32
-0.26
-0.2
-0.14
-0.08
-0.02
0.04
0.11
0.17
0.24
0.31
0.38
0.45
0.52
0.59
0.66
0.73
0.79
0.84
0.89
0.94
0.97
1.01
1.04
1.07
1.1
1.13
1.16
1.18
1.2
1.19
1.17
1.13
1.07
0.97
0.85
0.71
0.54
0.35
0.15
-0.06
-0.27
-0.48
-0.68
-0.86
-1.03
-1.18
-1.31
-1.41
-1.5
-1.56
-1.6
-1.63
-1.64
-1.65
-1.64
-1.62
-1.59
-1.55
-1.51
-1.46
-1.41
-1.35
-1.27
-1.2
-1.11
-1.01
-0.91
-0.8
-0.68
-0.56
-0.44
-0.31
-0.18
-0.06
0.07
0.19
0.32
0.43
0.55
0.66
0.76
0.85
0.93
1.0
1.07
1.12
1.16
1.2
1.23
1.26
1.28
1.31
1.34
1.36
1.38
1.39
1.39
1.38
1.35
1.3
1.23
1.14
1.02
0.89
0.73
0.57
0.39
0.2
0.01
-0.17
-0.35
-0.53
-0.69
-0.84
-0.99
-1.12
-1.24
-1.34
-1.43
-1.51
-1.58
-1.63
-1.67
-1.69
-1.71
-1.71
-1.7
-1.67
-1.64
-1.6
-1.54
-1.48
-1.4
-1.32
-1.23
-1.13
-1.03
-0.92
-0.81
-0.69
-0.58
-0.46
-0.34
-0.22
-0.09
0.03
0.16
0.29
0.42
0.55
0.68
0.81
0.93
1.06
1.17
1.28
1.39
1.49
1.58
1.66
1.73
1.78
1.81
1.82
1.8
1.75
1.68
1.57
1.43
1.27
1.09
0.89
0.67
0.46
0.24
0.02
-0.19
-0.39
-0.58
-0.75
-0.92
-1.06
-1.2
-1.32
-1.43
-1.53
-1.62
-1.69
-1.75
-1.8
-1.83
-1.85
-1.85
-1.83
-1.8
-1.75
-1.69
-1.61
-1.51
-1.4
-1.27
-1.13
-0.98
-0.82
-0.65
-0.47
-0.29
-0.1
0.08
0.27
0.45
0.62
0.79
0.95
1.09
1.22
1.34
1.45
1.54
1.62
1.7
1.76
1.82
1.87
1.92
1.96
1.99
2.01
2.02
2.0
1.96
1.9
1.81
1.69
1.54
1.37
1.19
0.98
0.76
0.53
0.3
0.06
-0.17
-0.4
-0.63
-0.84
-1.05
-1.24
-1.42
-1.59
-1.74
-1.87
-1.99
-2.09
-2.17
-2.22
-2.26
-2.28
-2.28
-2.25
-2.21
-2.15
-2.08
-1.98
-1.88
-1.75
-1.62
-1.48
-1.32
-1.17
-1.01
-0.84
-0.68
-0.52
-0.35
-0.19
-0.04
0.12
0.27
0.42
0.57
0.7
0.83
0.94
1.05
1.14
1.23
1.3
1.37
1.44
1.5
1.56
1.61
1.65
1.68
1.69
1.69
1.66
1.61
1.53
1.42
1.29
1.14
0.97
0.79
0.59
0.38
0.18
-0.03
-0.23
-0.42
-0.59
-0.75
-0.9
-1.02
-1.13
-1.22
-1.3
-1.36
-1.4
-1.43
-1.45
-1.45
-1.44
-1.43
-1.4
-1.37
-1.32
-1.28
-1.22
-1.16
-1.09
-1.02
-0.95
-0.87
-0.78
-0.7
-0.61
-0.52
-0.43
-0.34
-0.24
-0.14
-0.04
0.06
0.17
0.28
0.39
0.5
0.6
0.7
0.79
0.87
0.95
1.02
1.09
1.15
1.21
1.27
1.32
1.38
1.43
1.47
1.51
1.53
1.54
1.53
1.5
1.46
1.38
1.29
1.17
1.03
0.87
0.69
0.5
0.31
0.1
-0.1
-0.3
-0.49
-0.68
-0.85
-1.0
-1.15
-1.27
-1.38
-1.47
-1.54
-1.59
-1.63
-1.65
-1.65
-1.65
-1.62
-1.59
-1.55
-1.5
-1.44
-1.38
-1.31
-1.23
-1.15
-1.07
-0.99
-0.9
-0.81
-0.73
-0.64
-0.55
-0.46
-0.37
-0.28
-0.19
-0.1
-0.01
0.09
0.18
0.28
0.37
0.46
0.56
0.65
0.74
0.84
0.94
1.05
1.15
1.25
1.35
1.43
1.49
1.54
1.55
1.54
1.5
1.43
1.33
1.21
1.08
0.92
0.76
0.59
0.42
0.26
0.1
-0.06
-0.2
-0.33
-0.46
-0.57
-0.68
-0.77
-0.86
-0.95
-1.02
-1.09
-1.16
-1.22
-1.27
-1.32
-1.35
-1.38
-1.4
-1.41
-1.4
-1.39
-1.36
-1.32
-1.27
-1.21
-1.14
-1.06
-0.97
-0.88
-0.77
-0.67
-0.56
-0.44
-0.33
-0.21
-0.09
0.03
0.15
0.27
0.38
0.49
0.59
0.69
0.78
0.87
0.96
1.05
1.14
1.24
1.34
1.44
1.54
1.63
1.7
1.77
1.8
1.82
1.8
1.76
1.69
1.59
1.46
1.32
1.15
0.98
0.8
0.61
0.42
0.24
0.05
-0.12
-0.29
-0.45
-0.61
-0.75
-0.89
-1.02
-1.13
-1.24
-1.33
-1.42
-1.48
-1.54
-1.58
-1.6
-1.61
-1.6
-1.58
-1.55
-1.5
-1.44
-1.37
-1.29
-1.2
-1.1
-1.0
-0.89
-0.78
-0.66
-0.55
-0.45
-0.34
-0.24
-0.14
-0.05
0.04
0.12
0.2
0.28
0.36
0.44
0.52
0.61
0.69
0.77
0.86
0.94
1.02
1.11
1.19
1.27
1.33
1.39
1.43
1.45
1.45
1.41
1.34
1.24
1.1
0.94
0.75
0.54
0.32
0.09
-0.14
-0.35
-0.56
-0.74
-0.91
-1.05
-1.17
-1.26
-1.33
-1.38
-1.41
-1.42
-1.43
-1.42
-1.41
-1.39
-1.37
-1.34
-1.32
-1.29
-1.26
-1.23
-1.2
-1.16
-1.12
-1.08
-1.03
-0.97
-0.91
-0.84
-0.77
-0.69
-0.61
-0.52
-0.43
-0.34
-0.24
-0.13
-0.03
0.08
0.18
0.29
0.4
0.51
0.61
0.71
0.81
0.9
0.99
1.08
1.16
1.24
1.33
1.41
1.5
1.58
1.66
1.73
1.79
1.83
1.86
1.86
1.84
1.78
1.7
1.6
1.46
1.3
1.12
0.93
0.72
0.5
0.28
0.06
-0.15
-0.36
-0.56
-0.74
-0.91
-1.07
-1.21
-1.34
-1.44
-1.54
-1.61
-1.68
-1.73
-1.76
-1.78
-1.78
-1.77
-1.75
-1.71
-1.66
-1.6
-1.53
-1.46
-1.38
-1.29
-1.2
-1.11
-1.02
-0.92
-0.83
-0.73
-0.63
-0.53
-0.42
-0.32
-0.2
-0.09
0.03
0.16
0.28
0.41
0.54
0.67
0.79
0.9
1.01
1.1
1.18
1.24
1.3
1.35
1.39
1.42
1.45
1.47
1.47
1.47
1.44
1.4
1.34
1.25
1.14
1.02
0.87
0.71
0.54
0.36
0.18
-0.0
-0.18
-0.34
-0.49
-0.63
-0.75
-0.86
-0.95
-1.03
-1.1
-1.15
-1.2
-1.23
-1.26
-1.28
-1.29
-1.3
-1.29
-1.28
-1.26
-1.23
-1.19
-1.14
-1.09
-1.02
-0.95
-0.88
-0.8
-0.72
-0.64
-0.57
-0.49
-0.42
-0.35
-0.29
-0.22
-0.16
-0.09
-0.03
0.04
0.11
0.18
0.26
0.34
0.42
0.49
0.57
0.64
0.71
0.78
0.85
0.91
0.98
1.05
1.12
1.18
1.24
1.3
1.35
1.38
1.4
1.4
1.38
1.34
1.27
1.18
1.07
0.94
0.78
0.62
0.44
0.25
0.07
-0.12
-0.3
-0.47
-0.64
-0.79
-0.92
-1.05
-1.16
-1.25
-1.33
-1.39
-1.44
-1.47
-1.49
-1.49
-1.49
-1.47
-1.44
-1.41
-1.37
-1.33
-1.28
-1.22
-1.17
-1.11
-1.05
-0.98
-0.91
-0.84
-0.76
-0.68
-0.61
-0.52
-0.44
-0.36
-0.28
-0.19
-0.11
-0.02
0.07
0.16
0.25
0.34
0.43
0.53
0.62
0.72
0.82
0.92
1.01
1.11
1.21
1.3
1.38
1.46
1.51
1.55
1.57
1.56
1.52
1.46
1.36
1.24
1.1
0.94
0.76
0.58
0.39
0.2
0.02
-0.16
-0.33
-0.49
-0.63
-0.76
-0.88
-0.99
-1.08
-1.17
-1.24
-1.3
-1.35
-1.38
-1.41
-1.42
-1.42
-1.41
-1.39
-1.36
-1.31
-1.26
-1.2
-1.14
-1.07
-1.0
-0.92
-0.85
-0.77
-0.69
-0.62
-0.54
-0.47
-0.39
-0.32
-0.24
-0.17
-0.09
-0.01
0.06
0.14
0.22
0.31
0.39
0.47
0.55
0.63
0.71
0.78
0.85
0.92
0.99
1.06
1.14
1.21
1.29
1.37
1.45
1.52
1.59
1.65
1.7
1.72
1.73
1.7
1.64
1.56
1.44
1.3
1.13
0.94
0.73
0.51
0.29
0.07
-0.15
-0.36
-0.55
-0.73
-0.89
-1.03
-1.16
-1.26
-1.34
-1.41
-1.46
-1.49
-1.51
-1.51
-1.5
-1.48
-1.45
-1.41
-1.37
-1.31
-1.26
-1.19
-1.12
-1.05
-0.97
-0.9
-0.82
-0.74
-0.66
-0.58
-0.5
-0.43
-0.36
-0.29
-0.23
-0.17
-0.11
-0.05
0.01
0.07
0.13
0.19
0.26
0.32
0.39
0.45
0.52
0.58
0.64
0.69
0.74
0.79
0.84
0.88
0.93
0.98
1.03
1.08
1.12
1.15
1.16
1.16
1.13
1.07
0.98
0.87
0.74
0.58
0.41
0.23
0.05
-0.14
-0.32
-0.48
-0.64
-0.78
-0.9
-1.0
-1.08
-1.15
-1.2
-1.24
-1.26
-1.28
-1.28
-1.27
-1.25
-1.22
-1.19
-1.14
-1.1
-1.05
-0.99
-0.93
-0.87
-0.8
-0.74
-0.67
-0.61
-0.54
-0.48
-0.41
-0.34
-0.28
-0.22
-0.16
-0.09
-0.04
0.02
0.08
0.13
0.18
0.22
0.26
0.3
0.33
0.35
0.37
0.39
0.39
0.39
0.39
0.39
0.38
0.37
0.35
0.34
0.32
0.31
0.3
0.3
0.31
0.34
0.38
0.44
0.51
0.6
0.68
0.76
0.83
0.88
0.91
0.92
0.9
0.85
0.78
0.68
0.57
0.45
0.32
0.19
0.07
-0.05
-0.16
-0.25
-0.34
-0.41
-0.48
-0.53
-0.57
-0.61
-0.63
-0.66
-0.68
-0.69
-0.7
-0.71
-0.71
-0.7
-0.69
-0.67
-0.65
-0.62
-0.58
-0.54
-0.5
-0.45
-0.4
-0.35
-0.3
-0.24
-0.18
-0.12
-0.06
-0.0
0.06
0.11
0.17
0.22
0.27
0.31
0.35
0.38
0.41
0.42
0.43
0.44
0.44
0.43
0.43
0.42
0.41
0.41
0.4
0.4
0.4
0.41
0.41
0.42
0.42
0.42
0.41
0.39
0.37
0.33
0.29
0.23
0.17
0.09
0.01
-0.07
-0.16
-0.25
-0.34
-0.42
-0.5
-0.57
-0.63
-0.68
-0.72
-0.75
-0.77
-0.77
-0.77
-0.75
-0.72
-0.69
-0.65
-0.6
-0.55
-0.49
-0.44
-0.38
-0.32
-0.26
-0.2
-0.15
-0.1
-0.06
-0.02
0.01
0.04
0.06
0.07
0.08
0.09
0.09
0.09
0.08
0.07
0.06
0.05
0.04
0.03
0.02
0.02
0.01
0.01
0.01
0.01
0.01
0.01
0.02
0.02
0.03
0.03
0.03
0.04
0.04
0.04
0.03
0.03
0.03
0.02
0.01
0.01
0.0
-0.0
-0.01
-0.01
-0.02
-0.02
-0.02
-0.02
-0.02
-0.02
-0.02
-0.02
-0.02
-0.02
-0.02
-0.02
-0.02
-0.02
-0.02
-0.02
-0.02
-0.03
-0.03
-0.04
-0.05
-0.06
-0.07
-0.08
-0.09
-0.11
-0.12
-0.13
-0.14
-0.15
-0.16
-0.16
-0.17
-0.17
-0.17
-0.17
-0.17
-0.17
-0.16
-0.15
-0.14
-0.13
-0.12
-0.1
-0.09
-0.08
-0.06
-0.05
-0.03
-0.01
-0.0
0.01
0.02
0.03
0.04
0.04
0.04
0.04
0.04
0.03
0.03
0.02
0.01
0.0
-0.0
-0.01
-0.02
-0.03
-0.04
-0.04
-0.05
-0.06
-0.06
-0.07
-0.08
-0.08
-0.08
-0.09
-0.09
-0.1
-0.11
-0.11
-0.12
-0.12
-0.13
-0.14
-0.14
-0.15
-0.15
-0.16
-0.16
-0.16
-0.16
-0.17
-0.17
-0.17
-0.16
-0.16
-0.16
-0.15
-0.15
-0.14
-0.14
-0.13
-0.12
-0.1
-0.09
-0.08
-0.06
-0.05
-0.04
-0.03
-0.01
-0.0
0.0
0.01
0.02
0.02
0.02
0.03
0.03
0.03
0.02
0.02
0.02
0.01
0.01
0.01
0.0
-0.0
-0.01
-0.01
-0.02
-0.03
-0.03
-0.04
-0.05
-0.06
-0.07
-0.07
-0.08
-0.09
-0.09
-0.1
-0.1
-0.1
-0.11
-0.11
-0.11
-0.11
-0.11
-0.11
-0.1
-0.1
-0.1
-0.09
-0.09
-0.09
-0.08
-0.08
-0.07
-0.07
-0.06
-0.06
-0.06
-0.05
-0.05
-0.05
-0.05
-0.05
-0.05
-0.05
-0.05
-0.05
-0.05
-0.05
-0.05
-0.04
-0.04
-0.04
-0.04
-0.04
-0.03
-0.03
-0.03
-0.03
-0.03
-0.03
-0.04
-0.04
-0.04
-0.04
-0.05
-0.05
-0.05
-0.05
-0.06
-0.06
-0.06
-0.07
-0.07
-0.07
-0.08
-0.08
-0.08
-0.08
-0.09
-0.09
-0.09
-0.09
-0.09
-0.09
-0.09
-0.09
-0.09
-0.09
-0.09
-0.08
-0.08
-0.08
-0.08
-0.08
-0.07
-0.07
-0.07
-0.07
-0.07
-0.06
-0.06
-0.06
-0.06
-0.05
-0.05
-0.05
-0.04
-0.04
-0.04
-0.04
-0.04
-0.04
-0.03
-0.03
-0.03
-0.03
-0.03
-0.03
-0.03
-0.03
-0.03
-0.03
-0.03
-0.03
-0.03
-0.04
-0.04
-0.04
-0.05
-0.05
-0.06
-0.06
-0.07
-0.07
-0.08
-0.08
-0.08
-0.09
-0.09
-0.1
-0.1
-0.1
-0.1
-0.1
-0.1
-0.1
-0.1
-0.1
-0.09
-0.09
-0.08
-0.07
-0.06
-0.05
-0.05
-0.04
-0.03
-0.02
-0.02
-0.01
-0.01
-0.0
-0.0
-0.0
-0.0
-0.0
-0.01
-0.01
-0.01
-0.02
-0.02
-0.03
-0.03
-0.04
-0.04
-0.05
-0.05
-0.06
-0.07
-0.07
-0.07
-0.08
-0.08
-0.08
-0.08
-0.08
-0.08
-0.08
-0.08
-0.07
-0.07
-0.06
-0.05
-0.05
-0.04
-0.03
-0.03
-0.03
-0.02
-0.02
-0.02
-0.02
-0.02
-0.02
-0.02
-0.02
-0.03
-0.03
-0.03
-0.02
-0.02
-0.02
-0.02
-0.02
-0.02
-0.02
-0.01
-0.01
-0.01
-0.01
-0.01
-0.01
-0.01
-0.02
-0.02
-0.02
-0.02
-0.03
-0.03
-0.03
-0.03
-0.04
-0.04
-0.04
-0.05
-0.05
-0.06
-0.06
-0.07
-0.07
-0.08
-0.08
-0.08
-0.09
-0.09
-0.09
-0.09
-0.09
-0.09
-0.1
-0.1
-0.1
-0.1
-0.1
-0.11
-0.11
-0.11
-0.11
-0.11
-0.11
-0.11
-0.11
-0.11
-0.1
-0.1
-0.1
-0.09
-0.09
-0.08
-0.08
-0.07
-0.07
-0.06
-0.06
-0.06
-0.05
-0.05
-0.05
-0.05
-0.05
-0.05
-0.05
-0.05
-0.05
-0.05
-0.05
-0.05
-0.06
-0.06
-0.06
-0.07
-0.07
-0.07
-0.07
-0.08
-0.08
-0.08
-0.08
-0.08
-0.08
-0.08
-0.07
-0.07
-0.07
-0.06
-0.06
-0.06
-0.06
-0.06
-0.06
-0.05
-0.05
-0.05
-0.05
-0.05
-0.05
-0.04
-0.04
-0.04
-0.04
-0.04
-0.04
-0.04
-0.04
-0.04
-0.04
-0.05
-0.05
