3.0
-0.03
-0.09
-0.09
-0.09
-0.09
-0.09
-0.09
-0.09
-0.09
-0.08
-0.08
-0.07
-0.06
-0.05
-0.04
-0.02
-0.01
0.0
0.02
0.03
0.04
0.05
0.06
0.06
0.07
0.07
0.07
0.07
0.07
0.07
0.06
0.06
0.05
0.04
0.03
0.02
0.01
-0.01
-0.02
-0.04
-0.05
-0.06
-0.08
-0.09
-0.1
-0.11
-0.12
-0.13
-0.14
-0.15
-0.15
-0.15
-0.16
-0.16
-0.16
-0.16
-0.15
-0.14
-0.14
-0.12
-0.11
-0.1
-0.09
-0.07
-0.06
-0.05
-0.03
-0.02
-0.01
0.01
0.02
0.03
0.04
0.05
0.06
0.07
0.07
0.08
0.08
0.08
0.07
0.07
0.06
0.04
0.03
0.01
-0.01
-0.03
-0.04
-0.06
-0.08
-0.1
-0.11
-0.13
-0.14
-0.15
-0.16
-0.17
-0.17
-0.17
-0.18
-0.18
-0.18
-0.17
-0.17
-0.17
-0.16
-0.16
-0.15
-0.14
-0.13
-0.13
-0.12
-0.11
-0.1
-0.1
-0.09
-0.08
-0.07
-0.07
-0.06
-0.06
-0.05
-0.05
-0.05
-0.04
-0.04
-0.04
-0.04
-0.04
-0.04
-0.05
-0.05
-0.06
-0.08
-0.1
-0.12
-0.15
-0.18
-0.21
-0.25
-0.28
-0.3
-0.33
-0.34
-0.35
-0.36
-0.35
-0.35
-0.33
-0.32
-0.3
-0.27
-0.25
-0.22
-0.19
-0.17
-0.15
-0.13
-0.12
-0.11
-0.11
-0.11
-0.11
-0.12
-0.13
-0.14
-0.15
-0.16
-0.16
-0.16
-0.15
-0.14
-0.12
-0.09
-0.06
-0.03
0.02
0.07
0.12
0.17
0.22
0.27
0.32
0.36
0.4
0.43
0.45
0.47
0.48
0.48
0.48
0.47
0.46
0.45
0.44
0.43
0.42
0.41
0.4
0.39
0.39
0.38
0.38
0.38
0.38
0.37
0.37
0.36
0.35
0.33
0.32
0.3
0.28
0.26
0.24
0.22
0.21
0.21
0.22
0.24
0.26
0.29
0.32
0.35
0.37
0.38
0.37
0.35
0.31
0.26
0.2
0.12
0.03
-0.06
-0.15
-0.24
-0.32
-0.4
-0.46
-0.52
-0.56
-0.6
-0.63
-0.65
-0.66
-0.67
-0.67
-0.67
-0.67
-0.67
-0.66
-0.66
-0.65
-0.64
-0.64
-0.63
-0.63
-0.62
-0.62
-0.61
-0.6
-0.59
-0.58
-0.57
-0.56
-0.54
-0.53
-0.51
-0.5
-0.48
-0.47
-0.45
-0.44
-0.42
-0.41
-0.39
-0.37
-0.34
-0.31
-0.27
-0.22
-0.16
-0.1
-0.03
0.05
0.13
0.22
0.31
0.4
0.49
0.58
0.66
0.74
0.8
0.86
0.91
0.94
0.96
0.98
0.98
0.98
0.98
0.98
0.97
0.95
0.93
0.9
0.85
0.79
0.7
0.6
0.47
0.32
0.16
-0.02
-0.2
-0.38
-0.55
-0.71
-0.86
-0.98
-1.08
-1.16
-1.21
-1.24
-1.25
-1.23
-1.2
-1.15
-1.09
-1.02
-0.95
-0.86
-0.78
-0.69
-0.61
-0.52
-0.44
-0.37
-0.3
-0.23
-0.18
-0.13
-0.09
-0.06
-0.03
-0.01
-0.0
0.0
0.0
-0.0
-0.01
-0.01
-0.02
-0.03
-0.03
-0.04
-0.04
-0.04
-0.03
-0.02
-0.01
0.02
0.05
0.1
0.15
0.21
0.28
0.35
0.42
0.49
0.56
0.64
0.71
0.78
0.86
0.94
1.03
1.12
1.2
1.28
1.34
1.39
1.42
1.42
1.39
1.33
1.24
1.11
0.96
0.79
0.59
0.39
0.17
-0.05
-0.26
-0.47
-0.67
-0.86
-1.03
-1.18
-1.32
-1.43
-1.53
-1.61
-1.68
-1.72
-1.74
-1.75
-1.74
-1.71
-1.67
-1.62
-1.55
-1.48
-1.39
-1.3
-1.19
-1.09
-0.98
-0.87
-0.75
-0.64
-0.53
-0.43
-0.33
-0.24
-0.15
-0.07
-0.01
0.06
0.11
0.16
0.21
0.25
0.29
0.34
0.38
0.43
0.49
0.55
0.62
0.69
0.76
0.83
0.9
0.97
1.04
1.1
1.16
1.22
1.27
1.31
1.35
1.39
1.42
1.43
1.43
1.42
1.39
1.33
1.25
1.14
1.01
0.85
0.67
0.48
0.27
0.06
-0.16
-0.37
-0.56
-0.75
-0.92
-1.07
-1.2
-1.32
-1.41
-1.49
-1.56
-1.61
-1.64
-1.67
-1.68
-1.68
-1.67
-1.65
-1.62
-1.58
-1.54
-1.48
-1.42
-1.35
-1.28
-1.2
-1.11
-1.02
-0.92
-0.82
-0.72
-0.62
-0.52
-0.43
-0.33
-0.25
-0.16
-0.08
-0.01
0.07
0.14
0.2
0.27
0.32
0.38
0.43
0.48
0.52
0.56
0.6
0.64
0.68
0.72
0.77
0.82
0.88
0.94
1.02
1.11
1.2
1.3
1.4
1.5
1.58
1.65
1.7
1.72
1.71
1.67
1.6
1.5
1.37
1.22
1.05
0.87
0.68
0.48
0.29
0.1
-0.09
-0.27
-0.44
-0.6
-0.75
-0.88
-1.0
-1.11
-1.2
-1.28
-1.34
-1.39
-1.42
-1.44
-1.45
-1.44
-1.43
-1.4
-1.37
-1.33
-1.29
-1.24
-1.18
-1.13
-1.07
-1.0
-0.94
-0.88
-0.82
-0.75
-0.69
-0.62
-0.55
-0.48
-0.39
-0.3
-0.21
-0.11
0.01
0.12
0.24
0.37
0.5
0.62
0.74
0.86
0.97
1.07
1.16
1.25
1.33
1.4
1.47
1.52
1.56
1.58
1.59
1.57
1.52
1.45
1.36
1.23
1.09
0.92
0.74
0.55
0.34
0.14
-0.06
-0.25
-0.44
-0.61
-0.77
-0.92
-1.05
-1.17
-1.28
-1.37
-1.46
-1.53
-1.58
-1.63
-1.67
-1.7
-1.71
-1.72
-1.72
-1.7
-1.67
-1.64
-1.59
-1.53
-1.46
-1.38
-1.29
-1.19
-1.08
-0.96
-0.83
-0.69
-0.54
-0.39
-0.24
-0.08
0.08
0.23
0.38
0.53
0.68
0.81
0.95
1.07
1.19
1.3
1.41
1.51
1.62
1.71
1.81
1.89
1.97
2.03
2.07
2.09
2.08
2.05
1.98
1.88
1.75
1.6
1.42
1.21
1.0
0.77
0.54
0.31
0.09
-0.12
-0.32
-0.49
-0.65
-0.79
-0.9
-1.0
-1.08
-1.14
-1.19
-1.22
-1.24
-1.25
-1.25
-1.25
-1.23
-1.22
-1.2
-1.18
-1.16
-1.13
-1.11
-1.07
-1.04
-1.0
-0.95
-0.9
-0.84
-0.78
-0.71
-0.64
-0.56
-0.48
-0.39
-0.31
-0.22
-0.13
-0.04
0.04
0.13
0.21
0.29
0.37
0.45
0.53
0.61
0.69
0.76
0.84
0.91
0.99
1.06
1.13
1.19
1.24
1.28
1.29
1.27
1.23
1.16
1.05
0.92
0.76
0.58
0.39
0.2
0.0
-0.19
-0.37
-0.53
-0.68
-0.8
-0.91
-1.0
-1.07
-1.12
-1.15
-1.18
-1.19
-1.2
-1.2
-1.2
-1.19
-1.19
-1.18
-1.17
-1.15
-1.14
-1.11
-1.09
-1.05
-1.01
-0.96
-0.91
-0.84
-0.77
-0.69
-0.6
-0.51
-0.4
-0.29
-0.18
-0.06
0.06
0.19
0.31
0.43
0.55
0.66
0.76
0.86
0.95
1.04
1.12
1.2
1.28
1.37
1.46
1.54
1.62
1.7
1.76
1.8
1.82
1.81
1.77
1.71
1.61
1.49
1.34
1.17
0.99
0.79
0.6
0.4
0.21
0.03
-0.15
-0.31
-0.46
-0.59
-0.72
-0.83
-0.94
-1.03
-1.12
-1.19
-1.26
-1.32
-1.37
-1.41
-1.44
-1.46
-1.47
-1.47
-1.46
-1.44
-1.42
-1.39
-1.35
-1.29
-1.23
-1.16
-1.09
-1.0
-0.91
-0.82
-0.72
-0.61
-0.51
-0.4
-0.3
-0.19
-0.08
0.03
0.13
0.24
0.34
0.45
0.55
0.65
0.74
0.83
0.92
1.0
1.08
1.16
1.23
1.3
1.36
1.41
1.44
1.45
1.44
1.41
1.34
1.24
1.12
0.97
0.79
0.61
0.41
0.21
0.02
-0.16
-0.33
-0.48
-0.62
-0.74
-0.84
-0.92
-0.99
-1.05
-1.09
-1.13
-1.17
-1.19
-1.22
-1.24
-1.26
-1.28
-1.28
-1.29
-1.28
-1.27
-1.25
-1.21
-1.17
-1.11
-1.04
-0.97
-0.88
-0.79
-0.68
-0.58
-0.47
-0.36
-0.24
-0.13
-0.02
0.08
0.18
0.28
0.37
0.45
0.53
0.6
0.67
0.73
0.79
0.85
0.91
0.96
1.02
1.08
1.14
1.21
1.28
1.35
1.42
1.48
1.54
1.59
1.61
1.62
1.6
1.56
1.48
1.37
1.24
1.08
0.9
0.7
0.49
0.27
0.05
-0.17
-0.39
-0.6
-0.79
-0.98
-1.16
-1.32
-1.47
-1.59
-1.71
-1.8
-1.88
-1.94
-1.98
-2.0
-2.01
-2.01
-1.99
-1.95
-1.91
-1.85
-1.78
-1.7
-1.61
-1.51
-1.4
-1.28
-1.15
-1.02
-0.88
-0.74
-0.59
-0.45
-0.3
-0.17
-0.04
0.09
0.21
0.32
0.43
0.53
0.62
0.7
0.77
0.84
0.9
0.95
0.99
1.02
1.05
1.07
1.09
1.11
1.13
1.16
1.19
1.22
1.25
1.27
1.29
1.28
1.26
1.21
1.14
1.04
0.91
0.76
0.59
0.39
0.19
-0.01
-0.22
-0.41
-0.59
-0.76
-0.9
-1.02
-1.12
-1.2
-1.26
-1.3
-1.32
-1.33
-1.33
-1.33
-1.31
-1.29
-1.27
-1.24
-1.2
-1.17
-1.13
-1.08
-1.03
-0.97
-0.91
-0.84
-0.76
-0.68
-0.6
-0.52
-0.44
-0.36
-0.28
-0.2
-0.13
-0.07
-0.01
0.05
0.11
0.17
0.24
0.3
0.37
0.44
0.52
0.59
0.67
0.75
0.83
0.91
0.99
1.08
1.17
1.27
1.38
1.49
1.6
1.7
1.79
1.87
1.92
1.94
1.93
1.88
1.79
1.66
1.49
1.29
1.06
0.81
0.54
0.25
-0.03
-0.31
-0.58
-0.83
-1.06
-1.27
-1.46
-1.61
-1.74
-1.84
-1.92
-1.97
-1.99
-1.99
-1.96
-1.92
-1.86
-1.78
-1.68
-1.58
-1.46
-1.34
-1.22
-1.09
-0.97
-0.85
-0.73
-0.62
-0.52
-0.42
-0.33
-0.26
-0.18
-0.12
-0.06
0.0
0.06
0.12
0.19
0.26
0.34
0.43
0.52
0.62
0.71
0.81
0.9
0.99
1.07
1.15
1.22
1.29
1.36
1.42
1.48
1.52
1.55
1.56
1.54
1.5
1.42
1.31
1.16
0.97
0.76
0.52
0.28
0.02
-0.23
-0.47
-0.69
-0.88
-1.05
-1.2
-1.31
-1.39
-1.45
-1.48
-1.5
-1.49
-1.48
-1.45
-1.41
-1.37
-1.32
-1.27
-1.22
-1.16
-1.1
-1.04
-0.98
-0.91
-0.84
-0.77
-0.7
-0.62
-0.54
-0.46
-0.38
-0.31
-0.23
-0.16
-0.09
-0.03
0.03
0.08
0.14
0.19
0.24
0.3
0.36
0.42
0.48
0.55
0.61
0.68
0.75
0.82
0.89
0.96
1.04
1.11
1.19
1.26
1.33
1.39
1.44
1.47
1.48
1.47
1.43
1.37
1.27
1.15
0.99
0.82
0.62
0.41
0.19
-0.03
-0.26
-0.47
-0.68
-0.88
-1.06
-1.22
-1.36
-1.49
-1.59
-1.67
-1.73
-1.76
-1.77
-1.76
-1.73
-1.68
-1.61
-1.53
-1.44
-1.34
-1.23
-1.12
-1.01
-0.89
-0.78
-0.68
-0.58
-0.48
-0.39
-0.3
-0.22
-0.14
-0.07
-0.0
0.06
0.13
0.19
0.25
0.31
0.38
0.45
0.52
0.59
0.66
0.74
0.81
0.89
0.96
1.03
1.09
1.15
1.2
1.24
1.28
1.32
1.35
1.38
1.4
1.41
1.41
1.39
1.35
1.29
1.21
1.1
0.96
0.8
0.63
0.43
0.22
0.0
-0.22
-0.43
-0.64
-0.83
-1.01
-1.17
-1.31
-1.43
-1.52
-1.6
-1.65
-1.69
-1.7
-1.71
-1.69
-1.67
-1.63
-1.58
-1.51
-1.44
-1.36
-1.27
-1.17
-1.07
-0.97
-0.86
-0.76
-0.65
-0.55
-0.46
-0.37
-0.28
-0.21
-0.14
-0.07
-0.01
0.05
0.11
0.17
0.23
0.29
0.35
0.41
0.47
0.54
0.6
0.67
0.73
0.79
0.85
0.91
0.96
1.01
1.05
1.09
1.12
1.15
1.17
1.19
1.21
1.23
1.24
1.25
1.26
1.26
1.25
1.22
1.18
1.12
1.03
0.93
0.8
0.67
0.52
0.36
0.19
0.03
-0.13
-0.29
-0.43
-0.57
-0.7
-0.82
-0.93
-1.02
-1.1
-1.18
-1.24
-1.29
-1.32
-1.35
-1.36
-1.36
-1.34
-1.32
-1.28
-1.23
-1.17
-1.11
-1.04
-0.96
-0.88
-0.79
-0.71
-0.62
-0.54
-0.46
-0.38
-0.3
-0.22
-0.15
-0.08
-0.01
0.06
0.12
0.18
0.24
0.29
0.34
0.38
0.42
0.45
0.47
0.49
0.5
0.52
0.53
0.53
0.54
0.55
0.55
0.55
0.55
0.54
0.52
0.5
0.47
0.42
0.37
0.31
0.24
0.16
0.08
-0.01
-0.1
-0.18
-0.27
-0.35
-0.43
-0.49
-0.56
-0.61
-0.65
-0.68
-0.7
-0.71
-0.71
-0.71
-0.69
-0.67
-0.64
-0.6
-0.56
-0.52
-0.47
-0.43
-0.38
-0.34
-0.3
-0.26
-0.22
-0.19
-0.16
-0.13
-0.1
-0.07
-0.05
-0.03
-0.0
0.01
0.03
0.05
0.06
0.07
0.07
0.08
0.08
0.08
0.07
0.06
0.05
0.04
0.03
0.02
0.01
-0.0
-0.01
-0.02
-0.03
-0.04
-0.04
-0.05
-0.06
-0.06
-0.07
-0.08
-0.08
-0.09
-0.09
-0.1
-0.1
-0.1
-0.1
-0.1
-0.1
-0.09
-0.09
-0.08
-0.08
-0.07
-0.06
-0.06
-0.05
-0.04
-0.03
-0.02
-0.01
0.0
0.01
0.02
0.03
0.04
0.05
0.06
0.07
0.08
0.09
0.09
0.1
0.1
0.1
0.1
0.09
0.08
0.08
0.07
0.05
0.04
0.03
0.02
0.0
-0.01
-0.02
-0.03
-0.04
-0.05
-0.06
-0.07
-0.08
-0.08
-0.09
-0.1
-0.1
-0.1
-0.11
-0.11
-0.11
-0.11
-0.11
-0.11
-0.1
-0.1
-0.1
-0.09
-0.09
-0.08
-0.08
-0.07
-0.06
-0.05
-0.04
-0.03
-0.03
-0.02
-0.01
-0.0
0.01
0.01
0.02
0.02
0.03
0.03
0.03
0.03
0.03
0.03
0.03
0.03
0.02
0.01
0.01
-0.0
-0.01
-0.02
-0.03
-0.04
-0.05
-0.06
-0.07
-0.07
-0.08
-0.09
-0.1
-0.1
-0.11
-0.12
-0.12
-0.13
-0.13
-0.14
-0.14
-0.14
-0.14
-0.14
-0.14
-0.14
-0.13
-0.12
-0.12
-0.11
-0.1
-0.09
-0.08
-0.07
-0.06
-0.05
-0.04
-0.04
-0.03
-0.02
-0.01
0.0
0.01
0.02
0.03
0.03
0.04
0.04
0.04
0.05
0.04
0.04
0.04
0.04
0.03
0.02
0.02
0.01
0.01
-0.0
-0.01
-0.01
-0.02
-0.02
-0.03
-0.03
-0.04
-0.04
-0.05
-0.05
-0.06
-0.06
-0.07
-0.08
-0.08
-0.09
-0.1
-0.1
-0.1
-0.11
-0.11
-0.11
-0.12
-0.12
-0.12
-0.12
-0.12
-0.12
-0.12
-0.12
-0.12
-0.12
-0.11
-0.11
-0.1
-0.1
-0.09
-0.08
-0.07
-0.07
-0.06
-0.05
-0.04
-0.04
-0.03
-0.03
-0.02
-0.02
-0.02
-0.02
-0.02
-0.02
-0.02
-0.02
-0.02
-0.02
-0.02
-0.02
-0.03
-0.03
-0.04
-0.04
-0.04
-0.05
-0.05
-0.06
-0.06
-0.07
-0.07
-0.08
-0.08
-0.08
-0.08
-0.09
-0.09
-0.09
-0.09
-0.09
-0.09
-0.08
-0.08
-0.08
-0.08
-0.08
-0.08
-0.08
-0.08
-0.07
-0.07
-0.07
-0.06
-0.06
-0.06
-0.06
-0.05
-0.05
-0.05
-0.05
-0.05
-0.05
-0.05
-0.05
-0.05
-0.06
-0.06
-0.06
-0.07
-0.07
-0.07
-0.08
-0.08
-0.08
-0.09
-0.09
-0.09
-0.09
-0.09
-0.09
-0.09
-0.08
-0.08
-0.08
-0.07
-0.07
-0.06
-0.05
-0.05
-0.04
-0.04
-0.04
-0.03
-0.03
-0.03
-0.03
-0.02
-0.02
-0.02
-0.02
-0.02
-0.02
-0.02
-0.02
-0.02
-0.02
-0.02
-0.02
-0.02
-0.02
-0.02
-0.02
-0.02
-0.03
-0.03
-0.03
-0.04
-0.04
-0.05
-0.05
-0.06
-0.06
-0.07
-0.07
-0.08
-0.08
-0.08
-0.09
-0.09
-0.09
-0.09
-0.09
-0.09
-0.09
-0.09
-0.09
-0.09
-0.09
-0.09
-0.08
-0.08
-0.08
-0.07
-0.07
-0.07
-0.06
-0.06
-0.06
-0.05
-0.05
-0.05
-0.05
-0.05
-0.04
-0.04
-0.05
-0.05
-0.05
-0.05
-0.05
-0.05
-0.05
-0.06
-0.06
-0.06
-0.06
-0.06
-0.06
-0.06
-0.06
-0.06
-0.06
-0.05
-0.05
-0.05
-0.05
-0.05
-0.04
-0.04
-0.04
-0.03
-0.03
-0.03
-0.03
-0.02
-0.02
-0.02
-0.02
-0.02
-0.02
-0.02
-0.02
-0.02
-0.03
-0.03
-0.03
-0.04
-0.04
-0.05
-0.05
-0.06
-0.06
-0.07
-0.07
-0.07
-0.07
-0.08
-0.08
-0.08
-0.08
-0.08
-0.08
-0.08
-0.08
-0.08
-0.07
-0.07
-0.07
-0.07
-0.07
-0.06
-0.06
-0.06
-0.05
-0.05
-0.04
-0.04
-0.03
-0.02
-0.02
-0.01
-0.01
-0.0
0.0
0.0
0.01
0.01
0.01
0.01
0.01
0.01
0.0
0.0
-0.0
-0.01
-0.02
-0.02
-0.03
-0.03
-0.04
-0.04
-0.05
-0.05
-0.06
-0.06
-0.06
-0.07
-0.07
-0.07
-0.07
-0.07
-0.07
-0.07
-0.07
-0.07
-0.07
-0.07
-0.06
-0.06
-0.06
-0.05
-0.05
-0.04
-0.04
-0.04
-0.03
-0.03
-0.03
-0.03
-0.03
-0.03
-0.03
-0.03
-0.03
-0.03
