0.05
0.05
0.05
0.05
0.05
0.05
0.05
0.05
0.04
0.04
0.03
0.02
0.02
0.01
-0.0
-0.01
-0.02
-0.02
-0.03
-0.04
-0.05
-0.05
-0.06
-0.06
-0.07
-0.07
-0.08
-0.08
-0.08
-0.09
-0.09
-0.09
-0.09
-0.09
-0.09
-0.09
-0.09
-0.09
-0.08
-0.08
-0.07
-0.07
-0.06
-0.05
-0.04
-0.04
-0.03
-0.02
-0.01
-0.01
-0.01
-0.0
-0.0
-0.0
-0.0
-0.01
-0.01
-0.02
-0.02
-0.03
-0.03
-0.04
-0.04
-0.05
-0.05
-0.06
-0.06
-0.07
-0.07
-0.08
-0.08
-0.08
-0.09
-0.09
-0.09
-0.09
-0.09
-0.1
-0.1
-0.1
-0.11
-0.11
-0.11
-0.12
-0.12
-0.13
-0.13
-0.13
-0.13
-0.12
-0.12
-0.11
-0.1
-0.09
-0.07
-0.06
-0.05
-0.03
-0.02
-0.01
0.0
0.01
0.02
0.02
0.02
0.02
0.02
0.02
0.02
0.02
0.02
0.02
0.02
0.02
0.02
0.02
0.02
0.02
0.02
0.01
0.01
0.0
-0.0
-0.01
-0.02
-0.02
-0.03
-0.03
-0.03
-0.03
-0.03
-0.03
-0.02
-0.02
-0.02
-0.02
-0.03
-0.03
-0.03
-0.04
-0.04
-0.04
-0.04
-0.05
-0.05
-0.05
-0.06
-0.06
-0.06
-0.07
-0.07
-0.07
-0.07
-0.07
-0.07
-0.06
-0.06
-0.05
-0.05
-0.04
-0.03
-0.02
-0.02
-0.01
-0.0
0.0
0.01
0.01
0.01
0.01
0.0
-0.01
-0.01
-0.02
-0.03
-0.04
-0.05
-0.05
-0.06
-0.06
-0.07
-0.07
-0.07
-0.07
-0.07
-0.07
-0.07
-0.07
-0.07
-0.07
-0.08
-0.08
-0.08
-0.08
-0.08
-0.08
-0.08
-0.08
-0.08
-0.08
-0.07
-0.07
-0.07
-0.07
-0.07
-0.07
-0.07
-0.07
-0.08
-0.08
-0.08
-0.09
-0.09
-0.09
-0.09
-0.09
-0.09
-0.09
-0.08
-0.08
-0.07
-0.07
-0.07
-0.07
-0.07
-0.07
-0.07
-0.07
-0.08
-0.08
-0.08
-0.08
-0.07
-0.07
-0.06
-0.04
-0.03
-0.01
0.01
0.02
0.04
0.05
0.06
0.07
0.08
0.08
0.08
0.08
0.08
0.08
0.08
0.08
0.08
0.08
0.07
0.07
0.07
0.07
0.07
0.07
0.08
0.08
0.08
0.08
0.09
0.09
0.09
0.08
0.08
0.07
0.05
0.03
0.01
-0.01
-0.04
-0.07
-0.11
-0.14
-0.18
-0.21
-0.24
-0.27
-0.3
-0.32
-0.35
-0.37
-0.39
-0.41
-0.43
-0.45
-0.47
-0.49
-0.52
-0.54
-0.57
-0.59
-0.61
-0.63
-0.64
-0.65
-0.64
-0.63
-0.61
-0.57
-0.53
-0.48
-0.42
-0.35
-0.28
-0.21
-0.14
-0.07
-0.01
0.05
0.09
0.13
0.15
0.17
0.18
0.18
0.17
0.15
0.13
0.11
0.08
0.06
0.04
0.02
-0.0
-0.01
-0.02
-0.02
-0.01
-0.0
0.02
0.04
0.08
0.12
0.16
0.22
0.27
0.34
0.4
0.47
0.54
0.61
0.68
0.74
0.8
0.86
0.91
0.96
1.0
1.03
1.06
1.09
1.11
1.12
1.13
1.14
1.14
1.15
1.15
1.15
1.15
1.14
1.14
1.13
1.1
1.07
1.01
0.94
0.84
0.72
0.58
0.42
0.24
0.05
-0.15
-0.35
-0.55
-0.74
-0.92
-1.09
-1.24
-1.37
-1.48
-1.57
-1.65
-1.71
-1.75
-1.78
-1.79
-1.8
-1.79
-1.76
-1.73
-1.69
-1.63
-1.56
-1.49
-1.4
-1.31
-1.21
-1.11
-1.01
-0.9
-0.79
-0.68
-0.57
-0.46
-0.35
-0.24
-0.14
-0.04
0.06
0.15
0.24
0.33
0.41
0.48
0.56
0.63
0.7
0.76
0.82
0.88
0.93
0.97
1.01
1.04
1.06
1.07
1.07
1.06
1.03
1.0
0.96
0.92
0.88
0.83
0.79
0.76
0.72
0.69
0.65
0.6
0.54
0.47
0.37
0.26
0.13
-0.01
-0.17
-0.34
-0.51
-0.67
-0.83
-0.98
-1.11
-1.22
-1.31
-1.37
-1.4
-1.42
-1.41
-1.38
-1.34
-1.28
-1.21
-1.13
-1.05
-0.96
-0.87
-0.78
-0.7
-0.61
-0.54
-0.46
-0.4
-0.34
-0.29
-0.25
-0.21
-0.17
-0.13
-0.09
-0.04
0.01
0.06
0.12
0.17
0.23
0.3
0.36
0.41
0.47
0.52
0.58
0.63
0.68
0.72
0.76
0.8
0.84
0.87
0.89
0.91
0.92
0.93
0.94
0.94
0.95
0.96
0.98
1.0
1.02
1.04
1.05
1.06
1.05
1.02
0.97
0.9
0.8
0.67
0.52
0.35
0.17
-0.03
-0.23
-0.43
-0.62
-0.8
-0.96
-1.11
-1.23
-1.33
-1.41
-1.47
-1.5
-1.52
-1.51
-1.5
-1.46
-1.42
-1.37
-1.31
-1.25
-1.18
-1.11
-1.03
-0.96
-0.88
-0.8
-0.72
-0.63
-0.55
-0.47
-0.39
-0.32
-0.24
-0.17
-0.1
-0.04
0.02
0.08
0.13
0.19
0.24
0.29
0.34
0.38
0.44
0.49
0.54
0.6
0.65
0.71
0.77
0.83
0.89
0.94
1.0
1.04
1.08
1.11
1.13
1.14
1.15
1.14
1.12
1.08
1.03
0.96
0.88
0.77
0.65
0.51
0.35
0.18
0.01
-0.18
-0.36
-0.54
-0.71
-0.87
-1.01
-1.13
-1.24
-1.33
-1.39
-1.44
-1.46
-1.47
-1.46
-1.44
-1.39
-1.34
-1.27
-1.19
-1.11
-1.01
-0.91
-0.81
-0.7
-0.6
-0.49
-0.39
-0.29
-0.2
-0.12
-0.04
0.03
0.09
0.14
0.19
0.23
0.26
0.29
0.32
0.34
0.36
0.38
0.4
0.41
0.43
0.44
0.45
0.46
0.47
0.47
0.47
0.47
0.47
0.47
0.47
0.47
0.47
0.48
0.49
0.51
0.54
0.57
0.62
0.66
0.7
0.74
0.77
0.79
0.79
0.78
0.74
0.67
0.58
0.48
0.35
0.21
0.05
-0.11
-0.26
-0.42
-0.56
-0.7
-0.81
-0.91
-0.99
-1.04
-1.08
-1.09
-1.09
-1.07
-1.04
-0.99
-0.94
-0.87
-0.81
-0.74
-0.68
-0.62
-0.55
-0.5
-0.45
-0.4
-0.36
-0.33
-0.3
-0.27
-0.25
-0.23
-0.21
-0.19
-0.17
-0.16
-0.13
-0.11
-0.09
-0.06
-0.03
0.0
0.04
0.09
0.14
0.19
0.25
0.31
0.38
0.44
0.5
0.56
0.62
0.67
0.72
0.77
0.82
0.87
0.92
0.97
1.02
1.06
1.1
1.12
1.13
1.11
1.08
1.01
0.92
0.81
0.67
0.51
0.33
0.15
-0.04
-0.23
-0.41
-0.58
-0.74
-0.87
-0.99
-1.09
-1.16
-1.22
-1.26
-1.29
-1.31
-1.31
-1.31
-1.3
-1.28
-1.26
-1.23
-1.19
-1.15
-1.1
-1.05
-0.99
-0.92
-0.85
-0.78
-0.7
-0.62
-0.53
-0.44
-0.35
-0.26
-0.16
-0.06
0.04
0.14
0.24
0.34
0.45
0.55
0.65
0.74
0.83
0.92
1.0
1.07
1.14
1.21
1.28
1.35
1.42
1.49
1.55
1.6
1.64
1.67
1.67
1.65
1.6
1.52
1.42
1.29
1.13
0.95
0.76
0.55
0.33
0.1
-0.12
-0.34
-0.55
-0.76
-0.95
-1.13
-1.29
-1.44
-1.56
-1.68
-1.77
-1.84
-1.89
-1.92
-1.94
-1.93
-1.9
-1.85
-1.79
-1.71
-1.62
-1.51
-1.4
-1.28
-1.15
-1.02
-0.89
-0.76
-0.63
-0.51
-0.39
-0.28
-0.17
-0.07
0.03
0.12
0.2
0.29
0.37
0.44
0.51
0.58
0.65
0.71
0.77
0.83
0.89
0.96
1.03
1.1
1.18
1.25
1.32
1.37
1.41
1.43
1.42
1.38
1.31
1.2
1.06
0.9
0.71
0.5
0.27
0.04
-0.19
-0.42
-0.63
-0.83
-1.02
-1.18
-1.32
-1.44
-1.53
-1.61
-1.66
-1.7
-1.71
-1.71
-1.7
-1.67
-1.63
-1.57
-1.51
-1.44
-1.35
-1.26
-1.16
-1.05
-0.94
-0.82
-0.7
-0.57
-0.44
-0.3
-0.16
-0.03
0.11
0.25
0.39
0.52
0.65
0.77
0.88
0.99
1.08
1.17
1.25
1.33
1.4
1.47
1.54
1.6
1.66
1.71
1.75
1.78
1.79
1.78
1.73
1.66
1.56
1.42
1.26
1.06
0.84
0.61
0.36
0.11
-0.15
-0.39
-0.63
-0.85
-1.05
-1.23
-1.39
-1.53
-1.65
-1.74
-1.81
-1.86
-1.89
-1.9
-1.89
-1.86
-1.82
-1.76
-1.69
-1.61
-1.52
-1.42
-1.32
-1.21
-1.09
-0.97
-0.85
-0.72
-0.59
-0.46
-0.33
-0.2
-0.07
0.05
0.18
0.29
0.4
0.51
0.61
0.7
0.79
0.87
0.95
1.02
1.08
1.14
1.2
1.27
1.34
1.41
1.49
1.57
1.65
1.72
1.77
1.8
1.8
1.77
1.69
1.57
1.41
1.2
0.97
0.7
0.42
0.12
-0.17
-0.46
-0.73
-0.98
-1.2
-1.38
-1.53
-1.65
-1.73
-1.78
-1.81
-1.8
-1.78
-1.74
-1.68
-1.62
-1.55
-1.47
-1.39
-1.31
-1.22
-1.13
-1.05
-0.96
-0.86
-0.77
-0.67
-0.58
-0.48
-0.38
-0.28
-0.17
-0.07
0.04
0.15
0.26
0.37
0.47
0.58
0.68
0.77
0.86
0.94
1.02
1.08
1.15
1.21
1.26
1.32
1.37
1.43
1.48
1.52
1.56
1.59
1.6
1.59
1.55
1.5
1.41
1.3
1.17
1.01
0.83
0.64
0.43
0.21
-0.02
-0.24
-0.47
-0.69
-0.9
-1.1
-1.29
-1.45
-1.6
-1.73
-1.83
-1.91
-1.97
-2.01
-2.03
-2.03
-2.0
-1.97
-1.91
-1.84
-1.76
-1.67
-1.56
-1.45
-1.32
-1.19
-1.06
-0.92
-0.77
-0.63
-0.49
-0.35
-0.22
-0.1
0.02
0.14
0.24
0.35
0.44
0.54
0.63
0.71
0.8
0.88
0.96
1.03
1.11
1.18
1.25
1.32
1.38
1.44
1.5
1.54
1.56
1.57
1.55
1.51
1.44
1.34
1.21
1.06
0.88
0.68
0.47
0.25
0.02
-0.2
-0.42
-0.63
-0.82
-0.99
-1.15
-1.28
-1.39
-1.48
-1.55
-1.6
-1.64
-1.65
-1.65
-1.64
-1.61
-1.58
-1.53
-1.48
-1.42
-1.35
-1.28
-1.2
-1.12
-1.03
-0.94
-0.84
-0.74
-0.63
-0.52
-0.4
-0.28
-0.17
-0.06
0.05
0.15
0.25
0.34
0.42
0.5
0.57
0.64
0.7
0.76
0.82
0.87
0.92
0.97
1.02
1.07
1.12
1.18
1.24
1.31
1.38
1.44
1.5
1.56
1.59
1.61
1.6
1.56
1.5
1.4
1.27
1.11
0.92
0.71
0.48
0.24
-0.01
-0.25
-0.49
-0.72
-0.93
-1.12
-1.3
-1.45
-1.57
-1.67
-1.75
-1.8
-1.83
-1.84
-1.83
-1.8
-1.76
-1.7
-1.63
-1.56
-1.47
-1.39
-1.29
-1.2
-1.1
-1.0
-0.9
-0.81
-0.71
-0.62
-0.52
-0.43
-0.34
-0.26
-0.17
-0.08
0.01
0.1
0.2
0.3
0.4
0.51
0.62
0.73
0.83
0.94
1.05
1.15
1.24
1.34
1.42
1.5
1.58
1.64
1.7
1.74
1.76
1.76
1.74
1.7
1.62
1.52
1.38
1.21
1.02
0.81
0.58
0.34
0.09
-0.16
-0.41
-0.64
-0.86
-1.07
-1.25
-1.41
-1.55
-1.67
-1.76
-1.83
-1.87
-1.89
-1.9
-1.88
-1.84
-1.79
-1.72
-1.63
-1.54
-1.43
-1.32
-1.2
-1.08
-0.96
-0.83
-0.72
-0.6
-0.49
-0.39
-0.3
-0.21
-0.13
-0.06
0.01
0.07
0.12
0.18
0.23
0.29
0.34
0.4
0.46
0.53
0.59
0.67
0.74
0.82
0.9
0.98
1.07
1.16
1.25
1.35
1.44
1.52
1.59
1.65
1.68
1.68
1.66
1.61
1.52
1.39
1.24
1.06
0.86
0.64
0.41
0.18
-0.05
-0.28
-0.49
-0.68
-0.85
-1.0
-1.13
-1.23
-1.31
-1.38
-1.42
-1.44
-1.45
-1.44
-1.43
-1.4
-1.36
-1.32
-1.27
-1.21
-1.15
-1.09
-1.02
-0.95
-0.88
-0.8
-0.72
-0.64
-0.57
-0.49
-0.42
-0.35
-0.28
-0.22
-0.16
-0.1
-0.04
0.01
0.07
0.13
0.19
0.25
0.32
0.39
0.47
0.55
0.64
0.73
0.82
0.91
0.99
1.08
1.16
1.24
1.31
1.37
1.43
1.47
1.48
1.48
1.45
1.39
1.31
1.19
1.04
0.86
0.67
0.45
0.23
-0.0
-0.23
-0.45
-0.67
-0.86
-1.04
-1.2
-1.34
-1.46
-1.55
-1.62
-1.68
-1.72
-1.74
-1.75
-1.74
-1.72
-1.69
-1.65
-1.6
-1.54
-1.47
-1.39
-1.3
-1.2
-1.09
-0.97
-0.85
-0.72
-0.59
-0.47
-0.34
-0.23
-0.12
-0.02
0.07
0.14
0.21
0.26
0.31
0.35
0.39
0.42
0.45
0.49
0.53
0.57
0.61
0.66
0.71
0.75
0.79
0.83
0.87
0.89
0.91
0.92
0.93
0.93
0.92
0.91
0.9
0.89
0.89
0.9
0.91
0.92
0.93
0.93
0.91
0.88
0.83
0.74
0.63
0.49
0.33
0.14
-0.05
-0.25
-0.45
-0.64
-0.82
-0.98
-1.11
-1.21
-1.28
-1.33
-1.35
-1.34
-1.32
-1.28
-1.22
-1.15
-1.07
-0.99
-0.9
-0.81
-0.72
-0.63
-0.55
-0.47
-0.39
-0.32
-0.25
-0.19
-0.13
-0.08
-0.04
0.0
0.04
0.07
0.09
0.11
0.13
0.14
0.15
0.16
0.17
0.17
0.18
0.18
0.17
0.17
0.16
0.14
0.13
0.11
0.08
0.06
0.04
0.03
0.02
0.02
0.03
0.04
0.07
0.1
0.13
0.16
0.19
0.22
0.24
0.24
0.24
0.23
0.2
0.16
0.11
0.06
-0.0
-0.07
-0.14
-0.2
-0.26
-0.31
-0.36
-0.39
-0.42
-0.44
-0.44
-0.44
-0.43
-0.41
-0.39
-0.36
-0.33
-0.3
-0.27
-0.24
-0.21
-0.19
-0.17
-0.15
-0.14
-0.13
-0.12
-0.11
-0.1
-0.1
-0.09
-0.09
-0.08
-0.07
-0.06
-0.05
-0.04
-0.03
-0.02
-0.01
0.0
0.01
0.02
0.03
0.04
0.04
0.05
0.05
0.04
0.04
0.03
0.02
0.01
0.0
-0.01
-0.02
-0.03
-0.04
-0.05
-0.05
-0.05
-0.05
-0.05
-0.04
-0.04
-0.03
-0.02
-0.01
0.0
0.01
0.02
0.03
0.03
0.03
0.04
0.04
0.04
0.04
0.04
0.04
0.04
0.04
0.04
0.04
0.04
0.03
0.03
0.03
0.02
0.02
0.01
0.0
-0.01
-0.02
-0.03
-0.04
-0.06
-0.07
-0.08
-0.1
-0.12
-0.13
-0.15
-0.16
-0.18
-0.19
-0.2
-0.21
-0.21
-0.22
-0.22
-0.22
-0.22
-0.22
-0.21
-0.21
-0.2
-0.19
-0.18
-0.17
-0.16
-0.15
-0.14
-0.13
-0.12
-0.1
-0.09
-0.07
-0.06
-0.04
-0.03
-0.01
0.0
0.01
0.02
0.03
0.03
0.03
0.03
0.03
0.03
0.02
0.02
0.01
0.0
-0.01
-0.02
-0.02
-0.03
-0.04
-0.05
-0.06
-0.06
-0.07
-0.08
-0.08
-0.09
-0.09
-0.1
-0.1
-0.11
-0.11
-0.11
-0.11
-0.12
-0.12
-0.12
-0.12
-0.12
-0.11
-0.11
-0.11
-0.11
-0.11
-0.1
-0.1
-0.1
-0.1
-0.09
-0.09
-0.09
-0.09
-0.08
-0.08
-0.08
-0.07
-0.07
-0.06
-0.06
-0.05
-0.05
-0.04
-0.03
-0.03
-0.02
-0.02
-0.01
-0.01
-0.01
-0.01
-0.02
-0.02
-0.03
-0.03
-0.04
-0.04
-0.05
-0.05
-0.06
-0.06
-0.07
-0.08
-0.08
-0.09
-0.09
-0.09
-0.09
-0.1
-0.1
-0.09
-0.09
-0.09
-0.08
-0.08
-0.07
-0.07
-0.06
-0.05
-0.05
-0.04
-0.04
-0.03
-0.03
-0.03
-0.03
-0.03
-0.03
-0.03
-0.03
-0.03
-0.04
-0.04
-0.05
-0.05
-0.06
-0.07
-0.08
-0.08
-0.09
-0.09
-0.1
-0.1
-0.1
-0.1
-0.1
-0.1
-0.1
-0.1
-0.1
-0.09
-0.09
-0.09
-0.09
-0.09
-0.09
-0.09
-0.09
-0.09
-0.09
-0.09
-0.09
-0.09
-0.09
-0.09
-0.09
-0.09
-0.08
-0.07
-0.07
-0.06
-0.05
-0.04
-0.03
-0.03
-0.02
-0.01
-0.01
-0.0
0.0
0.01
0.01
0.01
0.02
0.02
0.02
0.02
0.02
0.01
0.01
0.0
-0.0
-0.01
-0.02
-0.03
-0.04
-0.05
-0.06
-0.07
-0.08
-0.09
-0.09
-0.1
-0.11
-0.11
-0.12
-0.12
-0.12
-0.12
-0.12
-0.12
-0.12
-0.12
-0.11
-0.11
-0.1
-0.1
-0.09
-0.08
-0.07
-0.06
-0.05
-0.04
-0.02
-0.01
-0.0
0.01
0.02
0.03
0.04
0.04
0.05
0.05
0.05
0.05
0.05
0.05
0.04
0.04
0.03
0.02
0.02
0.01
-0.0
-0.01
-0.03
-0.04
-0.05
-0.06
-0.08
-0.09
-0.11
-0.12
-0.13
-0.14
-0.15
-0.16
-0.17
-0.18
-0.19
-0.19
-0.2
-0.2
-0.2
-0.2
-0.2
-0.2
-0.19
-0.18
-0.18
-0.16
-0.15
-0.14
-0.13
-0.12
-0.1
-0.09
-0.08
-0.07
-0.06
-0.05
-0.04
-0.03
-0.02
-0.01
-0.0
0.0
0.01
0.02
0.02
0.03
0.03
0.03
0.03
0.02
0.02
0.01
0.01
-0.0
-0.01
-0.01
-0.02
-0.03
-0.04
-0.04
-0.05
-0.06
-0.06
-0.07
-0.08
-0.08
-0.09
-0.1
