0.02
0.02
0.02
0.02
0.02
0.02
0.02
0.02
0.01
0.01
0.01
0.01
0.01
0.01
0.02
0.02
0.03
0.04
0.05
0.06
0.07
0.08
0.09
0.1
0.1
0.1
0.1
0.1
0.09
0.09
0.08
0.07
0.06
0.05
0.05
0.04
0.03
0.03
0.02
0.02
0.02
0.02
0.01
0.01
0.01
0.01
0.01
0.01
0.01
0.01
0.01
0.01
0.01
0.01
0.01
0.01
0.0
-0.0
-0.01
-0.01
-0.01
-0.02
-0.02
-0.02
-0.02
-0.01
-0.01
-0.01
-0.01
-0.01
-0.01
-0.01
-0.01
-0.01
-0.02
-0.03
-0.05
-0.06
-0.08
-0.1
-0.12
-0.15
-0.17
-0.2
-0.22
-0.25
-0.28
-0.3
-0.32
-0.34
-0.35
-0.36
-0.36
-0.36
-0.35
-0.34
-0.32
-0.29
-0.26
-0.22
-0.18
-0.14
-0.09
-0.05
0.0
0.05
0.1
0.15
0.19
0.24
0.28
0.31
0.35
0.38
0.4
0.42
0.43
0.43
0.42
0.41
0.39
0.36
0.32
0.28
0.23
0.17
0.11
0.04
-0.03
-0.09
-0.16
-0.22
-0.27
-0.32
-0.37
-0.41
-0.44
-0.47
-0.49
-0.51
-0.53
-0.54
-0.56
-0.57
-0.58
-0.59
-0.61
-0.62
-0.63
-0.63
-0.63
-0.63
-0.62
-0.61
-0.59
-0.56
-0.53
-0.49
-0.45
-0.4
-0.34
-0.28
-0.22
-0.15
-0.07
0.01
0.09
0.17
0.26
0.35
0.45
0.54
0.63
0.73
0.82
0.91
1.0
1.09
1.18
1.27
1.34
1.42
1.48
1.54
1.58
1.62
1.64
1.65
1.64
1.63
1.6
1.56
1.51
1.45
1.38
1.31
1.23
1.15
1.06
0.98
0.9
0.82
0.74
0.66
0.58
0.5
0.42
0.33
0.24
0.15
0.06
-0.04
-0.14
-0.24
-0.34
-0.45
-0.55
-0.65
-0.74
-0.83
-0.91
-0.98
-1.04
-1.1
-1.15
-1.19
-1.24
-1.27
-1.31
-1.34
-1.37
-1.4
-1.43
-1.46
-1.48
-1.5
-1.51
-1.52
-1.52
-1.52
-1.5
-1.48
-1.46
-1.42
-1.38
-1.33
-1.27
-1.19
-1.11
-1.01
-0.91
-0.8
-0.67
-0.55
-0.42
-0.28
-0.15
-0.01
0.13
0.26
0.4
0.54
0.68
0.82
0.96
1.09
1.21
1.32
1.42
1.5
1.56
1.61
1.65
1.67
1.69
1.69
1.68
1.66
1.63
1.58
1.52
1.44
1.34
1.22
1.09
0.94
0.78
0.6
0.43
0.25
0.08
-0.09
-0.24
-0.38
-0.51
-0.62
-0.71
-0.79
-0.86
-0.92
-0.96
-1.0
-1.04
-1.07
-1.1
-1.13
-1.15
-1.18
-1.19
-1.2
-1.21
-1.2
-1.19
-1.18
-1.15
-1.13
-1.09
-1.05
-1.01
-0.96
-0.9
-0.85
-0.79
-0.73
-0.66
-0.59
-0.52
-0.45
-0.38
-0.29
-0.21
-0.11
-0.01
0.1
0.23
0.35
0.48
0.62
0.75
0.87
1.0
1.11
1.22
1.32
1.41
1.5
1.58
1.66
1.72
1.76
1.79
1.79
1.76
1.71
1.63
1.52
1.39
1.24
1.07
0.9
0.72
0.54
0.36
0.19
0.03
-0.14
-0.29
-0.44
-0.58
-0.72
-0.85
-0.97
-1.08
-1.18
-1.27
-1.35
-1.42
-1.48
-1.52
-1.56
-1.59
-1.6
-1.61
-1.61
-1.6
-1.58
-1.55
-1.51
-1.46
-1.4
-1.33
-1.25
-1.17
-1.08
-0.99
-0.89
-0.79
-0.69
-0.58
-0.47
-0.36
-0.24
-0.12
0.0
0.12
0.25
0.38
0.51
0.63
0.75
0.87
0.98
1.09
1.18
1.27
1.35
1.43
1.5
1.58
1.64
1.7
1.76
1.8
1.81
1.81
1.78
1.72
1.63
1.52
1.38
1.22
1.04
0.85
0.65
0.45
0.26
0.07
-0.1
-0.27
-0.42
-0.56
-0.69
-0.8
-0.91
-1.01
-1.11
-1.2
-1.29
-1.37
-1.44
-1.51
-1.57
-1.61
-1.65
-1.68
-1.69
-1.68
-1.66
-1.62
-1.56
-1.49
-1.4
-1.29
-1.17
-1.04
-0.9
-0.75
-0.6
-0.45
-0.3
-0.14
0.01
0.15
0.29
0.43
0.56
0.68
0.8
0.9
0.99
1.06
1.12
1.17
1.21
1.25
1.28
1.31
1.35
1.39
1.43
1.47
1.51
1.53
1.55
1.54
1.51
1.46
1.39
1.29
1.16
1.02
0.86
0.68
0.5
0.31
0.12
-0.06
-0.23
-0.39
-0.54
-0.68
-0.8
-0.91
-1.01
-1.1
-1.18
-1.25
-1.31
-1.37
-1.42
-1.46
-1.5
-1.53
-1.55
-1.57
-1.57
-1.56
-1.53
-1.48
-1.42
-1.34
-1.24
-1.12
-0.98
-0.84
-0.68
-0.51
-0.33
-0.14
0.04
0.23
0.42
0.6
0.76
0.92
1.05
1.17
1.26
1.35
1.42
1.48
1.54
1.6
1.65
1.7
1.75
1.78
1.79
1.78
1.75
1.69
1.6
1.49
1.35
1.19
1.01
0.82
0.63
0.43
0.23
0.04
-0.15
-0.33
-0.49
-0.65
-0.79
-0.92
-1.05
-1.16
-1.26
-1.35
-1.44
-1.51
-1.58
-1.64
-1.69
-1.73
-1.76
-1.77
-1.78
-1.78
-1.75
-1.72
-1.66
-1.59
-1.5
-1.39
-1.27
-1.13
-0.98
-0.81
-0.64
-0.45
-0.26
-0.06
0.14
0.33
0.52
0.69
0.85
1.0
1.14
1.27
1.39
1.51
1.62
1.72
1.81
1.9
1.98
2.04
2.08
2.1
2.1
2.07
2.01
1.92
1.81
1.67
1.5
1.32
1.13
0.92
0.71
0.51
0.3
0.1
-0.09
-0.27
-0.45
-0.61
-0.76
-0.91
-1.04
-1.17
-1.29
-1.39
-1.48
-1.57
-1.64
-1.69
-1.73
-1.76
-1.76
-1.75
-1.72
-1.67
-1.61
-1.52
-1.42
-1.31
-1.18
-1.04
-0.9
-0.75
-0.59
-0.43
-0.27
-0.11
0.04
0.19
0.32
0.45
0.56
0.67
0.78
0.88
0.98
1.09
1.19
1.29
1.38
1.45
1.51
1.54
1.54
1.51
1.45
1.36
1.24
1.1
0.94
0.77
0.58
0.4
0.21
0.03
-0.15
-0.32
-0.48
-0.63
-0.76
-0.89
-1.01
-1.12
-1.22
-1.32
-1.4
-1.48
-1.56
-1.62
-1.67
-1.72
-1.75
-1.77
-1.77
-1.75
-1.72
-1.67
-1.59
-1.5
-1.38
-1.25
-1.1
-0.94
-0.76
-0.58
-0.39
-0.2
-0.01
0.18
0.37
0.54
0.71
0.86
1.0
1.14
1.26
1.39
1.52
1.64
1.77
1.89
2.0
2.09
2.16
2.2
2.22
2.19
2.13
2.04
1.91
1.76
1.58
1.38
1.18
0.97
0.76
0.56
0.37
0.19
0.03
-0.12
-0.25
-0.37
-0.49
-0.59
-0.7
-0.79
-0.89
-0.98
-1.07
-1.16
-1.24
-1.32
-1.38
-1.43
-1.47
-1.49
-1.5
-1.48
-1.46
-1.41
-1.35
-1.28
-1.19
-1.1
-0.99
-0.89
-0.78
-0.67
-0.56
-0.46
-0.36
-0.26
-0.16
-0.07
0.03
0.12
0.21
0.3
0.38
0.46
0.54
0.62
0.69
0.77
0.86
0.96
1.07
1.18
1.29
1.4
1.5
1.58
1.63
1.66
1.65
1.6
1.53
1.42
1.3
1.15
0.98
0.81
0.64
0.47
0.31
0.15
-0.0
-0.15
-0.28
-0.41
-0.53
-0.65
-0.77
-0.88
-0.98
-1.09
-1.19
-1.28
-1.37
-1.45
-1.52
-1.58
-1.62
-1.65
-1.67
-1.67
-1.65
-1.61
-1.55
-1.47
-1.37
-1.26
-1.12
-0.98
-0.82
-0.66
-0.49
-0.32
-0.15
0.01
0.17
0.32
0.45
0.58
0.69
0.78
0.86
0.94
1.0
1.05
1.1
1.16
1.21
1.27
1.33
1.4
1.46
1.51
1.55
1.58
1.58
1.56
1.52
1.45
1.36
1.24
1.11
0.96
0.8
0.63
0.46
0.29
0.13
-0.02
-0.16
-0.29
-0.41
-0.52
-0.61
-0.7
-0.79
-0.86
-0.93
-0.99
-1.05
-1.11
-1.16
-1.2
-1.24
-1.27
-1.29
-1.3
-1.3
-1.29
-1.27
-1.24
-1.19
-1.13
-1.06
-0.98
-0.89
-0.8
-0.7
-0.6
-0.5
-0.4
-0.3
-0.21
-0.11
-0.01
0.09
0.19
0.3
0.41
0.53
0.64
0.76
0.87
0.98
1.08
1.17
1.26
1.34
1.41
1.47
1.52
1.55
1.57
1.57
1.55
1.51
1.44
1.35
1.24
1.1
0.95
0.78
0.6
0.41
0.23
0.04
-0.14
-0.31
-0.47
-0.62
-0.75
-0.87
-0.98
-1.07
-1.16
-1.23
-1.29
-1.34
-1.38
-1.41
-1.44
-1.46
-1.47
-1.47
-1.46
-1.44
-1.42
-1.38
-1.33
-1.28
-1.21
-1.14
-1.06
-0.97
-0.88
-0.79
-0.69
-0.59
-0.5
-0.4
-0.3
-0.2
-0.1
0.0
0.11
0.21
0.31
0.41
0.5
0.6
0.68
0.77
0.84
0.91
0.98
1.05
1.12
1.2
1.28
1.36
1.45
1.54
1.62
1.69
1.75
1.78
1.79
1.77
1.72
1.64
1.52
1.37
1.19
1.0
0.78
0.56
0.33
0.11
-0.11
-0.32
-0.51
-0.68
-0.84
-0.98
-1.11
-1.21
-1.3
-1.38
-1.45
-1.5
-1.54
-1.57
-1.59
-1.6
-1.61
-1.6
-1.59
-1.57
-1.54
-1.51
-1.46
-1.41
-1.34
-1.27
-1.19
-1.1
-1.01
-0.91
-0.8
-0.7
-0.59
-0.48
-0.38
-0.27
-0.16
-0.05
0.06
0.18
0.29
0.41
0.53
0.66
0.78
0.9
1.03
1.14
1.26
1.38
1.49
1.6
1.71
1.81
1.89
1.96
2.01
2.02
2.01
1.97
1.89
1.77
1.63
1.46
1.27
1.06
0.84
0.62
0.4
0.19
-0.01
-0.2
-0.37
-0.53
-0.68
-0.81
-0.93
-1.05
-1.15
-1.25
-1.33
-1.41
-1.48
-1.54
-1.59
-1.62
-1.65
-1.66
-1.65
-1.64
-1.6
-1.55
-1.49
-1.41
-1.31
-1.21
-1.1
-0.98
-0.85
-0.72
-0.6
-0.47
-0.35
-0.22
-0.1
0.02
0.13
0.24
0.35
0.45
0.55
0.65
0.74
0.83
0.91
0.99
1.06
1.14
1.22
1.31
1.39
1.48
1.57
1.65
1.72
1.78
1.81
1.82
1.8
1.74
1.65
1.53
1.38
1.2
1.0
0.79
0.57
0.35
0.14
-0.07
-0.26
-0.43
-0.59
-0.73
-0.85
-0.96
-1.04
-1.11
-1.17
-1.21
-1.25
-1.27
-1.28
-1.28
-1.28
-1.27
-1.25
-1.22
-1.19
-1.15
-1.1
-1.05
-0.99
-0.93
-0.86
-0.79
-0.72
-0.65
-0.58
-0.51
-0.44
-0.38
-0.31
-0.25
-0.2
-0.14
-0.08
-0.02
0.04
0.11
0.17
0.25
0.32
0.4
0.47
0.55
0.62
0.7
0.77
0.83
0.9
0.97
1.04
1.11
1.19
1.26
1.33
1.39
1.43
1.46
1.46
1.44
1.38
1.3
1.19
1.06
0.91
0.75
0.58
0.4
0.22
0.05
-0.12
-0.27
-0.42
-0.56
-0.69
-0.8
-0.91
-1.01
-1.1
-1.18
-1.26
-1.32
-1.37
-1.41
-1.43
-1.45
-1.44
-1.42
-1.38
-1.33
-1.26
-1.18
-1.08
-0.97
-0.86
-0.74
-0.62
-0.5
-0.39
-0.28
-0.18
-0.09
-0.01
0.05
0.1
0.14
0.17
0.19
0.2
0.2
0.21
0.21
0.21
0.22
0.23
0.25
0.27
0.29
0.32
0.36
0.41
0.45
0.51
0.57
0.63
0.7
0.77
0.84
0.92
0.99
1.07
1.16
1.24
1.32
1.4
1.46
1.5
1.52
1.51
1.47
1.39
1.28
1.15
0.98
0.8
0.6
0.4
0.19
-0.01
-0.19
-0.37
-0.52
-0.66
-0.78
-0.88
-0.96
-1.03
-1.09
-1.14
-1.17
-1.2
-1.22
-1.24
-1.25
-1.25
-1.24
-1.22
-1.19
-1.16
-1.11
-1.05
-0.98
-0.9
-0.82
-0.72
-0.63
-0.53
-0.43
-0.32
-0.23
-0.13
-0.04
0.04
0.12
0.19
0.25
0.3
0.34
0.38
0.41
0.44
0.46
0.47
0.49
0.5
0.52
0.54
0.55
0.57
0.59
0.61
0.62
0.63
0.62
0.61
0.59
0.56
0.51
0.45
0.38
0.3
0.21
0.12
0.02
-0.08
-0.18
-0.27
-0.36
-0.45
-0.52
-0.58
-0.62
-0.66
-0.68
-0.69
-0.68
-0.67
-0.64
-0.61
-0.57
-0.53
-0.48
-0.43
-0.38
-0.32
-0.27
-0.22
-0.17
-0.12
-0.08
-0.03
0.01
0.05
0.09
0.13
0.16
0.19
0.22
0.25
0.27
0.29
0.3
0.31
0.32
0.32
0.32
0.31
0.31
0.3
0.29
0.27
0.25
0.24
0.22
0.2
0.17
0.15
0.13
0.1
0.08
0.06
0.03
0.01
-0.01
-0.03
-0.05
-0.06
-0.08
-0.09
-0.1
-0.11
-0.11
-0.12
-0.12
-0.12
-0.12
-0.11
-0.11
-0.11
-0.1
-0.1
-0.09
-0.09
-0.08
-0.08
-0.08
-0.08
-0.08
-0.08
-0.08
-0.08
-0.07
-0.07
-0.07
-0.07
-0.07
-0.06
-0.06
-0.05
-0.05
-0.04
-0.03
-0.03
-0.02
-0.01
-0.01
-0.0
0.0
0.01
0.01
0.01
0.02
0.02
0.02
0.02
0.03
0.03
0.03
0.04
0.04
0.04
0.05
0.05
0.05
0.05
0.05
0.05
0.05
0.05
0.04
0.04
0.03
0.03
0.02
0.01
-0.0
-0.01
-0.02
-0.04
-0.05
-0.06
-0.07
-0.08
-0.09
-0.09
-0.1
-0.1
-0.11
-0.11
-0.11
-0.11
-0.1
-0.1
-0.1
-0.09
-0.08
-0.07
-0.06
-0.05
-0.04
-0.03
-0.01
-0.0
0.01
0.02
0.03
0.04
0.05
0.06
0.07
0.07
0.08
0.08
0.08
0.08
0.09
0.09
0.09
0.09
0.08
0.08
0.08
0.08
0.07
0.07
0.07
0.06
0.06
0.05
0.04
0.04
0.03
0.02
0.02
0.01
0.0
-0.0
-0.01
-0.01
-0.02
-0.02
-0.02
-0.03
-0.03
-0.03
-0.04
-0.04
-0.04
-0.05
-0.05
-0.05
-0.05
-0.05
-0.06
-0.06
-0.06
-0.06
-0.06
-0.06
-0.06
-0.06
-0.06
-0.06
-0.06
-0.05
-0.05
-0.04
-0.03
-0.02
-0.01
0.0
0.01
0.02
0.04
0.05
0.06
0.07
0.08
0.09
0.09
0.1
0.1
0.1
0.1
0.1
0.1
0.09
0.09
0.08
0.07
0.07
0.06
0.05
0.05
0.04
0.04
0.03
0.02
0.02
0.01
0.01
0.0
-0.0
-0.01
-0.02
-0.02
-0.03
-0.03
-0.04
-0.05
-0.05
-0.06
-0.06
-0.07
-0.07
-0.07
-0.07
-0.08
-0.08
-0.07
-0.07
-0.07
-0.06
-0.06
-0.05
-0.04
-0.03
-0.02
-0.01
0.0
0.02
0.03
0.04
0.05
0.06
0.07
0.08
0.08
0.08
0.08
0.08
0.08
0.08
0.07
0.06
0.05
0.05
0.04
0.03
0.02
0.01
-0.0
-0.01
-0.02
-0.03
-0.04
-0.05
-0.05
-0.06
-0.06
-0.07
-0.07
-0.07
-0.07
-0.07
-0.07
-0.07
-0.06
-0.06
-0.05
-0.05
-0.04
-0.03
-0.03
-0.02
-0.01
-0.01
-0.0
0.01
0.01
0.02
0.02
0.02
0.03
0.03
0.03
0.03
0.02
0.02
0.01
0.01
-0.0
-0.01
-0.02
-0.03
-0.04
-0.05
-0.06
-0.06
-0.07
-0.08
-0.08
-0.08
-0.09
-0.09
-0.08
-0.08
-0.08
-0.07
-0.06
-0.06
-0.05
-0.04
-0.04
-0.03
-0.03
-0.02
-0.01
-0.01
-0.0
0.0
0.01
0.02
0.02
0.03
0.03
0.04
0.04
0.04
0.04
0.05
0.05
0.04
0.04
0.04
0.04
0.03
0.03
0.03
0.02
0.02
0.01
0.0
-0.0
-0.01
-0.02
-0.03
-0.05
-0.06
-0.07
-0.07
-0.08
-0.09
-0.09
-0.09
-0.09
-0.09
-0.08
-0.08
-0.07
-0.06
-0.05
-0.05
-0.04
-0.03
-0.02
-0.01
-0.0
0.01
0.01
0.02
0.03
0.04
0.05
0.06
0.07
0.08
0.08
0.09
0.1
0.1
0.1
0.11
0.11
0.11
0.1
0.1
0.09
0.09
0.08
0.07
0.06
0.06
0.05
0.04
0.03
0.02
0.01
-0.0
-0.01
-0.02
-0.03
-0.04
-0.04
-0.05
-0.05
-0.06
-0.06
-0.06
-0.06
-0.06
-0.06
-0.06
-0.06
-0.06
-0.06
-0.06
-0.06
-0.05
-0.05
-0.05
-0.04
-0.04
-0.04
-0.03
-0.03
-0.03
-0.03
-0.02
-0.02
-0.02
-0.02
-0.03
-0.03
-0.03
-0.04
-0.04
-0.05
-0.05
-0.06
-0.06
-0.07
-0.07
-0.08
-0.08
-0.08
-0.08
-0.08
-0.07
-0.07
-0.06
-0.05
-0.04
-0.03
-0.02
-0.01
0.0
0.02
0.03
0.04
0.06
0.07
0.08
0.09
0.1
0.11
0.12
0.12
0.13
0.13
0.13
0.13
0.13
0.13
0.12
0.12
0.11
0.1
0.09
0.08
0.06
0.05
0.03
0.02
0.0
-0.01
-0.03
-0.05
-0.06
-0.07
-0.09
-0.1
-0.1
-0.11
-0.12
-0.12
-0.12
-0.12
-0.12
-0.12
-0.12
-0.11
-0.1
-0.09
-0.08
-0.07
-0.06
-0.05
-0.04
-0.02
-0.01
0.01
0.02
0.03
0.05
0.06
0.07
0.08
0.09
0.09
0.1
0.1
0.1
0.1
0.1
0.09
0.09
0.08
0.07
0.07
0.06
0.05
0.04
0.03
0.02
0.01
0.0
-0.0
-0.01
-0.02
-0.02
-0.03
-0.03
-0.04
-0.04
-0.04
-0.05
-0.05
-0.05
-0.05
-0.04
-0.04
